000000158536
000000038411
000000302740
000000364340
000000542452
000000143874
000000554661
000000581180
000000384848
000000023176
000000390298
000000237111
000000250588
000000058057
000000039468
000000142537
000000138935
000000216952
000000533751
000000513778
000000285957
000000335507
000000163723
000000459372
000000165009
000000144915
000000317331
000000127750
000000263600
000000149890
000000220894
000000207083
000000109894
000000144941
000000492057
000000252292
000000581393
000000183210
000000487098
000000371179
000000283163
000000342211
000000184589
000000450597
000000279491
000000014073
000000226648
000000563185
000000136785
000000064270
000000205769
000000473384
000000114093
000000026624
000000274196
000000107860
000000560819
000000245049
000000326726
000000380148
000000325239
000000497042
000000547509
000000381999
000000438102
000000352288
000000137339
000000249120
000000420236
000000515870
000000481391
000000581326
000000332135
000000060425
000000522105
000000207065
000000067220
000000263526
000000260010
000000235959
000000249688
000000023812
000000120210
000000571504
000000470521
000000449921
000000469315
000000532684
000000471851
000000027334
000000327020
000000328403
000000213020
000000417742
000000072095
000000147471
000000024507
000000506901
000000493435
000000145518
000000401589
000000277576
000000356787
000000429946
000000573058
000000363786
000000212257
000000258078
000000537889
000000115973
000000269786
000000272480
000000057107
000000163866
000000524420
000000165431
000000375053
000000250966
000000525891
000000387181
000000145212
000000403907
000000165770
000000477673
000000368586
000000346581
000000038092
000000293435
000000094360
000000579386
000000263875
000000107019
000000082523
000000426323
000000565387
000000129313
000000573520
000000581605
000000404450
000000134589
000000530367
000000069428
000000515809
000000413346
000000120969
000000124739
000000144444
000000129510
000000478731
000000193047
000000425208
000000137479
000000439890
000000529572
000000354655
000000009843
000000555296
000000096654
000000571384
000000107257
000000341892
000000520272
000000097213
000000432605
000000320314
000000257490
000000262747
000000479680
000000471182
000000296479
000000540110
000000383026
000000240967
000000380932
000000010545
000000439658
000000218513
000000024323
000000506640
000000454102
000000361842
000000267205
000000281970
000000228635
000000360693
000000097868
000000008436
000000496064
000000176082
000000189810
000000249869
000000541493
000000400477
000000039115
000000490016
000000266920
000000113168
000000185632
000000151393
000000164428
000000541324
000000171287
000000365575
000000381251
000000460378
000000571948
000000428780
000000527573
000000472444
000000278229
000000046775
000000294380
000000574460
000000470113
000000405648
000000457667
000000009744
000000315092
000000167696
000000236148
000000178000
000000002296
000000452115
000000187852
000000529586
000000171678
000000545162
000000370193
000000429256
000000468483
000000541421
000000279041
000000097363
000000284925
000000342887
000000050883
000000086239
000000414117
000000379766
000000278512
000000204987
000000052851
000000203655
000000236350
000000490986
000000539938
000000464469
000000125015
000000250001
000000573869
000000434047
000000372292
000000451324
000000154895
000000533378
000000526957
000000295476
000000016573
000000520041
000000132997
000000536145
000000156754
000000395621
000000338807
000000072282
000000420085
000000022857
000000100140
000000272033
000000136093
000000372022
000000199736
000000445893
000000332908
000000074415
000000260464
000000250243
000000421596
000000347437
000000046869
000000191314
000000264870
000000302200
000000027159
000000308168
000000065208
000000227915
000000369703
000000552573
000000255375
000000211586
000000109265
000000468670
000000140244
000000335241
000000140785
000000186518
000000283382
000000107840
000000134178
000000110084
000000254079
000000189504
000000537553
000000554636
000000176275
000000335103
000000399489
000000570358
000000494144
000000541901
000000388018
000000208319
000000562495
000000179563
000000447376
000000260126
000000523660
000000557151
000000277188
000000517780
000000208882
000000227901
000000235200
000000100273
000000178791
000000412011
000000057173
000000125244
000000181662
000000323797
000000366103
000000040272
000000050411
000000494383
000000277498
000000524404
000000576944
000000481911
000000275279
000000447511
000000529952
000000525152
000000098554
000000410152
000000312926
000000005994
000000298017
000000319469
000000163229
000000419681
000000447948
000000364006
000000212761
000000379941
000000166731
000000520485
000000440291
000000163666
000000139192
000000471868
000000084097
000000298535
000000333538
000000430166
000000005933
000000310564
000000157385
000000023014
000000348850
000000411778
000000001228
000000019489
000000004219
000000526956
000000411238
000000559055
000000449310
000000027235
000000317476
000000396073
000000326639
000000238080
000000541999
000000484332
000000497160
000000393845
000000075802
000000252283
000000255525
000000145432
000000565947
000000219514
000000213117
000000101530
000000111673
000000114203
000000449903
000000180329
000000062766
000000552028
000000250954
000000235366
000000219472
000000500703
000000529187
000000018819
000000358079
000000235006
000000057359
000000246356
000000009091
000000304854
000000379836
000000014090
000000423875
000000062173
000000571499
000000147597
000000268681
000000062426
000000113801
000000505858
000000141616
000000570822
000000389206
000000155198
000000346164
000000304758
000000067046
000000228876
000000320333
000000041993
000000473929
000000106296
000000400307
000000277793
000000266115
000000142646
000000394322
000000434410
000000539436
000000119449
000000279931
000000543263
000000382148
000000299026
000000100757
000000554852
000000209012
000000124383
000000034904
000000275821
000000301461
000000574757
000000014432
000000008339
000000503101
000000247976
000000406899
000000336492
000000362031
000000254806
000000112562
000000097564
000000382211
000000286611
000000058242
000000368125
000000564743
000000362363
000000390518
000000160341
000000488203
000000072901
000000561475
000000104454
000000173652
000000256877
000000568658
000000516945
000000151832
000000158996
000000565353
000000134782
000000368363
000000149924
000000193380
000000531334
000000176195
000000361132
000000012999
000000337833
000000081143
000000417264
000000419556
000000041226
000000116224
000000489838
000000430753
000000572055
000000455881
000000560879
000000499281
000000362656
000000289693
000000257674
000000040796
000000032206
000000225987
000000466451
000000306030
000000315156
000000573640
000000426911
000000167123
000000404140
000000159038
000000000572
000000465223
000000467959
000000452700
000000180505
000000426568
000000546401
000000310617
000000042371
000000456077
000000029170
000000422655
000000164676
000000297011
000000386542
000000032664
000000389948
000000185760
000000480812
000000050481
000000298141
000000064531
000000135938
000000348467
000000038910
000000005688
000000427657
000000004093
000000284336
000000239194
000000040210
000000350557
000000532003
000000500752
000000149767
000000039718
000000279407
000000124462
000000440037
000000188079
000000549644
000000030356
000000357386
000000561599
000000122987
000000429769
000000520975
000000555582
000000039812
000000121618
000000337390
000000132386
000000529283
000000471335
000000421184
000000474711
000000224596
000000284144
000000504999
000000192808
000000361769
000000503104
000000217769
000000148568
000000414822
000000251365
000000140073
000000359563
000000279203
000000391330
000000253438
000000183197
000000562875
000000130681
000000142510
000000438623
000000270326
000000283054
000000239881
000000474084
000000453649
000000349907
000000290080
000000032474
000000282658
000000517417
000000418623
000000494716
000000557442
000000444324
000000435855
000000419757
000000442980
000000359695
000000039814
000000397467
000000536034
000000016414
000000323960
000000343187
000000244056
000000034261
000000056638
000000335703
000000225700
000000007498
000000144599
000000536579
000000472394
000000511977
000000506582
000000104309
000000541709
000000146237
000000423454
000000103547
000000126744
000000221663
000000031882
000000267875
000000313724
000000210279
000000542804
000000389145
000000029484
000000305476
000000249156
000000249315
000000087403
000000345275
000000471238
000000148955
000000485325
000000200206
000000184274
000000066717
000000043645
000000364757
000000258191
000000543697
000000269566
000000129706
000000273736
000000021276
000000141017
000000161349
000000571799
000000003272
000000262369
000000092534
000000078058
000000221932
000000400175
000000446199
000000564061
000000146826
000000125983
000000420634
000000047512
000000377694
000000383324
000000448423
000000140590
000000390969
000000345047
000000327068
000000063084
000000242074
000000114421
000000137926
000000413121
000000480536
000000132136
000000456044
000000485761
000000438810
000000300102
000000055288
000000432732
000000521176
000000025058
000000141711
000000502517
000000334631
000000509601
000000321194
000000386355
000000334743
000000178218
000000323592
000000265134
000000126021
000000044500
000000327323
000000063050
000000073141
000000035436
000000442175
000000128644
000000329939
000000074060
000000493162
000000470426
000000314277
000000275977
000000020561
000000547863
000000560349
000000306342
000000006777
000000097967
000000453792
000000071986
000000015618
000000243160
000000260166
000000224905
000000189583
000000560893
000000528556
000000047735
000000175881
000000249675
000000339468
000000233703
000000392555
000000138572
000000538588
000000481357
000000243600
000000263727
000000443689
000000345930
000000039434
000000267224
000000527163
000000146722
000000517890
000000239584
000000114313
000000471669
000000314336
000000390975
000000370405
000000538413
000000025743
000000224542
000000312252
000000486018
000000433536
000000417242
000000043535
000000014167
000000107004
000000156651
000000107960
000000534548
000000281112
000000319057
000000467840
000000398053
000000009025
000000100006
000000538480
000000019022
000000196321
000000194518
000000275850
000000221833
000000399703
000000456528
000000378012
000000253854
000000540642
000000223477
000000097878
000000442305
000000432723
000000078800
000000339761
000000328210
000000062531
000000213095
000000444392
000000580843
000000572791
000000468420
000000466020
000000567205
000000172491
000000559184
000000394713
000000068953
000000572960
000000477042
000000019707
000000042970
000000555861
000000295015
000000294084
000000400599
000000172255
000000511373
000000048491
000000502613
000000183650
000000199243
000000334588
000000211788
000000222871
000000066082
000000302924
000000336333
000000011487
000000026734
000000396004
000000155007
000000502760
000000055601
000000375961
000000467902
000000155543
000000365983
000000368066
000000575776
000000274860
000000448078
000000280850
000000324406
000000493822
000000172425
000000299722
000000531481
000000491448
000000208163
000000127391
000000203054
000000450840
000000241341
000000220037
000000354306
000000421955
000000372220
000000368154
000000268231
000000431432
000000346812
000000289248
000000041097
000000462710
000000198492
000000384335
000000119755
000000327395
000000201664
000000204379
000000092269
000000175925
000000016531
000000238892
000000201758
000000405145
000000052638
000000160848
000000004404
000000381256
000000469274
000000252810
000000121748
000000052712
000000067023
000000150301
000000510997
000000272068
000000429602
000000212181
000000437049
000000558516
000000141331
000000301605
000000048747
000000286632
000000164485
000000552364
000000242945
000000328120
000000367509
000000492261
000000470467
000000579520
000000124316
000000442942
000000047074
000000414397
000000274134
000000259809
000000013202
000000390999
000000391518
000000032544
000000246026
000000506577
000000488632
000000239803
000000176978
000000575585
000000231952
000000517656
000000043206
000000027352
000000389474
000000059108
000000361603
000000005437
000000290224
000000381729
000000527012
000000301347
000000432744
000000328548
000000295828
000000280484
000000561468
000000217228
000000333510
000000267812
000000279078
000000340318
000000255368
000000242096
000000356351
000000505861
000000061052
000000331059
000000001224
000000049994
000000078410
000000401240
000000384213
000000400702
000000581009
000000056327
000000482605
000000078609
000000514006
000000272097
000000339985
000000288262
000000506979
000000498610
000000406329
000000211410
000000415093
000000425746
000000101069
000000042342
000000573953
000000563396
000000412304
000000464440
000000096463
000000443209
000000346875
000000231605
000000095003
000000299946
000000577783
000000536292
000000135319
000000424227
000000140730
000000379535
000000093803
000000336749
000000121016
000000294209
000000173001
000000443639
000000443003
000000566364
000000307564
000000188146
000000483534
000000574672
000000431555
000000182189
000000023255
000000099724
000000219565
000000088344
000000107386
000000010920
000000524692
000000254400
000000075002
000000261789
000000020398
000000180445
000000394748
000000328802
000000294545
000000358004
000000142741
000000378726
000000461183
000000347948
000000073903
000000336001
000000282694
000000416467
000000499267
000000279816
000000497375
000000056312
000000519974
000000085031
000000209068
000000105026
000000467000
000000038241
000000224109
000000294866
000000543642
000000014269
000000184138
000000009859
000000418172
000000404889
000000346344
000000037954
000000071004
000000060246
000000118061
000000043098
000000139538
000000326472
000000144907
000000466024
000000468005
000000071441
000000127100
000000268516
000000476902
000000472079
000000399275
000000472913
000000020983
000000108129
000000182176
000000249418
000000554354
000000332385
000000215546
000000552811
000000502271
000000192905
000000064183
000000242400
000000206398
000000488349
000000277215
000000551654
000000120032
000000397479
000000306640
000000454382
000000576011
000000379024
000000241728
000000524844
000000183734
000000408039
000000500281
000000208618
000000579415
000000408542
000000283648
000000183970
000000307502
000000533678
000000081447
000000476950
000000040912
000000532998
000000415880
000000036854
000000336503
000000112568
000000474283
000000325665
000000132725
000000562937
000000283615
000000178440
000000076122
000000392251
000000423256
000000155003
000000341383
000000159376
000000165388
000000142386
000000036244
000000011727
000000285023
000000275412
000000520437
000000384507
000000445592
000000368717
000000498615
000000351081
000000338889
000000071675
000000173391
000000006517
000000317639
000000352861
000000301218
000000319396
000000126728
000000314193
000000045481
000000474741
000000533799
000000120347
000000379734
000000423770
000000068973
000000291477
000000279948
000000534045
000000046473
000000039884
000000318361
000000301916
000000411668
000000557119
000000007722
000000121534
000000448220
000000556064
000000162753
000000001611
000000305826
000000145825
000000346699
000000296393
000000191643
000000189278
000000271171
000000189193
000000394190
000000460415
000000496486
000000382399
000000442252
000000133515
000000241645
000000343749
000000392015
000000216387
000000065463
000000215521
000000409651
000000227413
000000150538
000000339256
000000270229
000000369180
000000013230
000000075114
000000217574
000000311067
000000575349
000000503401
000000569353
000000328730
000000448288
000000393638
000000481928
000000158225
000000197401
000000277614
000000177847
000000424431
000000536827
000000005913
000000542925
000000006862
000000336185
000000144703
000000069523
000000415388
000000433676
000000514245
000000334039
000000300725
000000151441
000000052044
000000009372
000000223342
000000430617
000000276766
000000369362
000000180261
000000283333
000000091442
000000474504
000000300782
000000524957
000000300024
000000373898
000000354821
000000133183
000000427946
000000000072
000000241623
000000268372
000000225530
000000108541
000000247157
000000496302
000000140028
000000080011
000000515704
000000561563
000000071911
000000472157
000000063036
000000570032
000000482128
000000556482
000000564411
000000555034
000000296417
000000478582
000000091587
000000040890
000000078113
000000370252
000000517958
000000399774
000000395364
000000183137
000000463591
000000284246
000000088192
000000339678
000000093611
000000201496
000000288603
000000067972
000000338317
000000474034
000000427401
000000286594
000000090255
000000197568
000000220685
000000276770
000000572859
000000085291
000000308121
000000396768
000000038685
000000580396
000000182960
000000301603
000000546762
000000429560
000000506617
000000018766
000000243421
000000385921
000000234291
000000253483
000000567332
000000227134
000000159900
000000436507
000000203653
000000291102
000000168521
000000134028
000000324995
000000375382
000000424246
000000022863
000000080708
000000488796
000000530285
000000327369
000000245864
000000167813
000000136245
000000206433
000000165874
000000199628
000000493526
000000352949
000000293543
000000033243
000000462880
000000258209
000000360504
000000181771
000000558181
000000005435
000000157933
000000323178
000000022501
000000056226
000000376916
000000289866
000000421804
000000535852
000000254267
000000045678
000000334074
000000312735
000000460910
000000364455
000000202832
000000001311
000000321860
000000427386
000000515196
000000102532
000000557636
000000457401
000000348555
000000412471
000000111694
000000398514
000000328121
000000463533
000000086452
000000546078
000000072495
000000007642
000000185945
000000101877
000000044017
000000124803
000000521357
000000581394
000000047405
000000408208
000000029697
000000307149
000000258975
000000252340
000000015472
000000543911
000000173032
000000268876
000000488583
000000243418
000000157748
000000513145
000000103295
000000411061
000000562803
000000556597
000000539302
000000112996
000000014869
000000443453
000000100486
000000100124
000000316648
000000353999
000000255714
000000459868
000000382318
000000550534
000000255420
000000184223
000000496342
000000396762
000000035132
000000434990
000000542866
000000198671
000000519874
000000117289
000000098493
000000407768
000000208754
000000494434
000000017235
000000056865
000000459721
000000062017
000000389777
000000008603
000000150444
000000047617
000000117379
000000080818
000000490872
000000467774
000000001360
000000004069
000000142263
000000101632
000000333995
000000528112
000000154343
000000308509
000000385359
000000505157
000000476652
000000288828
000000338980
000000252069
000000409022
000000178865
000000328179
000000522380
000000475882
000000580434
000000488764
000000227000
000000097610
000000097217
000000378923
000000388348
000000436759
000000341230
000000111824
000000331549
000000110601
000000148549
000000518416
000000000382
000000138271
000000145809
000000284817
000000117772
000000134640
000000134100
000000471107
000000372768
000000422279
000000313412
000000119384
000000440611
000000247604
000000492545
000000423414
000000102357
000000264699
000000450761
000000254242
000000559132
000000241530
000000533480
000000051576
000000283237
000000493522
000000215457
000000036492
000000290558
000000365295
000000532963
000000085005
000000449330
000000469105
000000062726
000000048972
000000564920
000000429924
000000546674
000000225268
000000058344
000000235687
000000121615
000000152000
000000366470
000000264539
000000447204
000000006155
000000420501
000000316132
000000239101
000000282006
000000004140
000000546285
000000033444
000000142826
000000076292
000000396997
000000092066
000000047774
000000561988
000000099030
000000247206
000000237968
000000455874
000000013302
000000498489
000000142426
000000172004
000000099004
000000253532
000000472729
000000064121
000000387543
000000407470
000000180169
000000397606
000000130598
000000529956
000000163413
000000116746
000000123360
000000471322
000000288416
000000460576
000000370928
000000044483
000000573778
000000152819
000000505939
000000502262
000000296996
000000571709
000000361819
000000492684
000000026725
000000285639
000000342279
000000382693
000000429635
000000213506
000000232484
000000565612
000000054899
000000059079
000000095517
000000503598
000000409491
000000004620
000000088349
000000196104
000000366016
000000103435
000000569249
000000377999
000000580512
000000069009
000000092715
000000483375
000000163497
000000440527
000000330181
000000471513
000000377208
000000054305
000000547097
000000316441
000000549517
000000577613
000000199888
000000091045
000000063403
000000267649
000000232127
000000425520
000000225337
000000184673
000000082548
000000261050
000000403531
000000008193
000000318967
000000189376
000000179094
000000484762
000000404007
000000387206
000000034474
000000534297
000000486257
000000064089
000000196518
000000554891
000000068152
000000117049
000000024343
000000215819
000000027731
000000489585
000000339058
000000367917
000000112757
000000115718
000000561454
000000319783
000000450666
000000336341
000000412101
000000545867
000000165291
000000552610
000000543622
000000505126
000000196355
000000231131
000000251789
000000025481
000000002842
000000546983
000000073180
000000407509
000000242955
000000081116
000000525693
000000041461
000000466529
000000474502
000000467432
000000521003
000000110735
000000573509
000000551418
000000174888
000000548848
000000373793
000000581563
000000234255
000000358901
000000217511
000000291677
000000384960
000000214133
000000219454
000000559159
000000323311
000000117117
000000413956
000000310878
000000390663
000000090961
000000396581
000000542602
000000285649
000000417626
000000406514
000000450125
000000075162
000000288397
000000074461
000000367375
000000327841
000000206273
000000362778
000000021671
000000495348
000000160560
000000435690
000000336040
000000421676
000000363474
000000223086
000000237511
000000235278
000000306277
000000482177
000000540203
000000093766
000000030429
000000360896
000000051223
000000487502
000000474004
000000528903
000000358391
000000362599
000000047742
000000528019
000000288852
000000335045
000000361521
000000343818
000000304347
000000502361
000000523580
000000284651
000000408233
000000236217
000000094015
000000266244
000000064915
000000047293
000000579751
000000133166
000000328668
000000167781
000000108240
000000415420
000000460405
000000487058
000000214648
000000077662
000000217064
000000212698
000000218205
000000559162
000000133279
000000176330
000000574562
000000541314
000000335200
000000212138
000000563447
000000564447
000000404222
000000167477
000000480576
000000396080
000000141508
000000265990
000000140291
000000402559
000000320752
000000013249
000000541010
000000102290
000000388531
000000269997
000000503238
000000562393
000000553871
000000528731
000000185620
000000037478
000000554176
000000095283
000000414700
000000470305
000000384188
000000510643
000000097946
000000242510
000000562770
000000532211
000000041998
000000350623
000000304044
000000209844
000000172006
000000426663
000000574138
000000302579
000000361751
000000115518
000000268313
000000281764
000000509225
000000460231
000000328110
000000253166
000000442567
000000579760
000000040844
000000126638
000000345429
000000384475
000000161809
000000083547
000000284676
000000389048
000000397599
000000506872
000000107454
000000092614
000000044065
000000116049
000000441103
000000329261
000000195180
000000083773
000000548253
000000469169
000000410589
000000291834
000000487422
000000554488
000000227958
000000562804
000000189951
000000236222
000000333721
000000222726
000000019769
000000033431
000000581189
000000281194
000000146049
000000532768
000000414851
000000412975
000000091935
000000527102
000000246446
000000381514
000000253054
000000565047
000000116074
000000357734
000000283350
000000475754
000000013670
000000369438
000000205520
000000366382
000000117317
000000482479
000000148542
000000317805
000000145290
000000478692
000000182377
000000421873
000000168730
000000010342
000000015153
000000272838
000000120759
000000539665
000000207811
000000180495
000000259216
000000340065
000000479361
000000555065
000000368349
000000229385
000000562679
000000259417
000000156308
000000199719
000000150100
000000493698
000000025283
000000268385
000000184215
000000330974
000000280423
000000307243
000000131961
000000158167
000000109700
000000194879
000000072961
000000291932
000000131714
000000234956
000000563297
000000478142
000000188589
000000199940
000000520979
000000065982
000000036574
000000559484
000000229388
000000127871
000000423349
000000260381
000000528962
000000412978
000000042441
000000427120
000000401766
000000287027
000000148188
000000034786
000000190885
000000510594
000000391689
000000326716
000000580414
000000410597
000000080130
000000188702
000000098864
000000539026
000000018450
000000511438
000000143510
000000454979
000000227978
000000233434
000000014998
000000177748
000000246322
000000206196
000000180718
000000081200
000000468570
000000556617
000000437797
000000306724
000000057508
000000504265
000000291179
000000103578
000000426175
000000053369
000000266334
000000347695
000000233017
000000192660
000000145684
000000453475
000000480403
000000552755
000000109586
000000509772
000000451359
000000189922
000000177666
000000149188
000000176263
000000145679
000000024498
000000193479
000000215033
000000459176
000000418110
000000239504
000000367275
000000362275
000000305327
000000116210
000000118837
000000311011
000000294182
000000311902
000000102281
000000557127
000000000308
000000553709
000000173825
000000443084
000000559992
000000402331
000000209773
000000256533
000000219357
000000468518
000000571745
000000255135
000000509365
000000045926
000000079754
000000534923
000000383414
000000329307
000000246672
000000471863
000000182454
000000171875
000000086852
000000467197
000000541464
000000191873
000000561446
000000043170
000000054386
000000200680
000000538116
000000296832
000000306440
000000304360
000000032695
000000439325
000000158195
000000228122
000000502540
000000204279
000000523870
000000034777
000000507263
000000496897
000000156682
000000072582
000000458642
000000041984
000000380162
000000118683
000000017909
000000206203
000000403054
000000066056
000000089254
000000336579
000000089340
000000314766
000000232250
000000118480
000000367074
000000562144
000000368738
000000260500
000000409374
000000301769
000000568614
000000287590
000000121363
000000550968
000000429491
000000338367
000000122857
000000213552
000000215679
000000204432
000000382652
000000055966
000000502756
000000228683
000000481049
000000124102
000000004904
000000566547
000000397628
000000492170
000000082921
000000361623
000000315861
000000320292
000000327263
000000024428
000000145638
000000411472
000000056713
000000066460
000000507434
000000483008
000000199943
000000355629
000000529140
000000503718
000000337707
000000511341
000000149566
000000558510
000000461208
000000530266
000000565740
000000482562
000000449638
000000410920
000000111180
000000493626
000000064015
000000308963
000000523527
000000130714
000000541208
000000516619
000000409510
000000491272
000000293611
000000448917
000000289460
000000396958
000000230335
000000450886
000000330478
000000281339
000000291330
000000178835
000000413248
000000265353
000000088802
000000092749
000000064501
000000405920
000000476054
000000002742
000000175210
000000319118
000000309993
000000004993
000000562573
000000373089
000000064256
000000545804
000000145952
000000293242
000000037549
000000545929
000000292719
000000430086
000000198001
000000086728
000000402087
000000235792
000000346093
000000580255
000000435005
000000214565
000000424254
000000257791
000000016665
000000051175
000000405181
000000148937
000000182291
000000508087
000000296106
000000062478
000000434628
000000020456
000000367838
000000429803
000000576576
000000503051
000000178911
000000192406
000000268711
000000008468
000000094145
000000112739
000000325184
000000033576
000000040621
000000079603
000000160996
000000392010
000000142245
000000070310
000000117300
000000292512
000000152898
000000576290
000000096106
000000493329
000000278222
000000387355
000000103579
000000436719
000000373936
000000065072
000000082565
000000009112
000000526570
000000522298
000000506414
000000248622
000000500525
000000366714
000000193878
000000010986
000000235237
000000160199
000000519046
000000341011
000000296283
000000078610
000000017697
000000377262
000000053004
000000092274
000000010759
000000205054
000000029541
000000410114
000000044774
000000200056
000000412939
000000027005
000000537326
000000259983
000000316617
000000135420
000000394149
000000285958
000000061938
000000237655
000000076721
000000237920
000000154011
000000504258
000000523454
000000185201
000000565112
000000515710
000000016142
000000559721
000000576886
000000487428
000000418315
000000259614
000000560360
000000185494
000000031745
000000020450
000000034074
000000536781
000000553364
000000293716
000000437604
000000034815
000000157872
000000345847
000000485951
000000375823
000000206791
000000506439
000000035664
000000452919
000000496832
000000069196
000000420697
000000059142
000000526132
000000379508
000000245415
000000330955
000000546987
000000354891
000000337711
000000329940
000000079085
000000093083
000000501677
000000204930
000000062089
000000406908
000000509540
000000561967
000000432444
000000167529
000000576705
000000417885
000000237568
000000183827
000000373259
000000056293
000000077842
000000508115
000000471375
000000007936
000000406909
000000524168
000000538857
000000557922
000000403114
000000200494
000000109506
000000339687
000000039628
000000475932
000000440511
000000245746
000000287386
000000421451
000000185549
000000198178
000000162561
000000023066
000000224688
000000224349
000000391255
000000020796
000000002658
000000574357
000000066746
000000484587
000000288602
000000281994
000000088538
000000468340
000000093686
000000266131
000000242979
000000324381
000000434899
000000017018
000000036559
000000578945
000000532568
000000187090
000000334466
000000389672
000000018000
000000056116
000000135772
000000265908
000000561806
000000316723
000000424304
000000354626
000000449770
000000161793
000000425308
000000325294
000000308332
000000367332
000000206385
000000107604
000000301467
000000173157
000000340096
000000377632
000000435451
000000328791
000000053608
000000061621
000000120164
000000554892
000000472344
000000399154
000000577219
000000300034
000000348593
000000124850
000000190232
000000309033
000000472415
000000305224
000000563898
000000219261
000000267259
000000516633
000000458727
000000392111
000000455554
000000322558
000000328352
000000175615
000000538478
000000330426
000000333440
000000223500
000000469475
000000237333
000000394352
000000343169
000000411554
000000404984
000000539617
000000056452
000000292505
000000529787
000000478249
000000423562
000000043546
000000030820
000000212011
000000107362
000000348348
000000172087
000000248129
000000148055
000000525371
000000231581
000000251027
000000379136
000000403295
000000130005
000000492870
000000095692
000000006590
000000058149
000000328881
000000322357
000000182401
000000390177
000000535418
000000013081
000000063115
000000564550
000000393553
000000021588
000000372604
000000310240
000000366792
000000327808
000000209405
000000337552
000000205811
000000523212
000000336887
000000161782
000000487551
000000096241
000000209089
000000067757
000000435933
000000503385
000000146700
000000436611
000000233341
000000145128
000000503616
000000293148
000000222426
000000112604
000000261272
000000568143
000000575121
000000208991
000000245182
000000065024
000000326499
000000438462
000000159402
000000454887
000000509839
000000526713
000000563929
000000231104
000000131678
000000036460
000000086715
000000226097
000000186868
000000268454
000000349486
000000503015
000000055413
000000571048
000000220171
000000227897
000000089992
000000558671
000000349642
000000228461
000000254714
000000165141
000000531987
000000055668
000000178431
000000469392
000000490286
000000085581
000000103817
000000213534
000000272803
000000427920
000000407949
000000009287
000000536120
000000412764
000000028889
000000160437
000000095948
000000290896
000000268469
000000345580
000000441854
000000303898
000000355871
000000080084
000000104841
000000353398
000000182258
000000545735
000000250564
000000138948
000000167906
000000419645
000000355175
000000226053
000000369589
000000440243
000000129656
000000134721
000000329457
000000284664
000000520610
000000267571
000000221814
000000049017
000000054521
000000491992
000000543028
000000470501
000000437099
000000258860
000000344314
000000503331
000000403132
000000081656
000000391828
000000377881
000000375573
000000389492
000000125230
000000500662
000000084536
000000580000
000000240625
000000047992
000000283451
000000144251
000000304248
000000227554
000000400487
000000407173
000000540210
000000307316
000000555109
000000140210
000000082957
000000218142
000000191095
000000082198
000000251042
000000243287
000000220234
000000434045
000000176226
000000385438
000000447679
000000114459
000000081561
000000220135
000000233737
000000352549
000000291526
000000289814
000000424458
000000338746
000000322594
000000416125
000000345462
000000507289
000000399476
000000087743
000000089268
000000126701
000000517723
000000485113
000000453421
000000014985
000000124728
000000030163
000000226632
000000303436
000000347263
000000560260
000000122597
000000380304
000000560627
000000200201
000000491274
000000308796
000000410331
000000470190
000000004129
000000380259
000000240755
000000381519
000000572761
000000565761
000000003528
000000196775
000000397511
000000426274
000000181438
000000469165
000000394131
000000532335
000000258690
000000470951
000000325057
000000374830
000000263677
000000096712
000000466558
000000154584
000000173634
000000428629
000000535981
000000176592
000000255402
000000070411
000000330907
000000290354
000000179963
000000119016
000000461477
000000398406
000000518701
000000337802
000000578525
000000361648
000000474353
000000123176
000000257270
000000260564
000000393503
000000018385
000000381254
000000556145
000000184351
000000316575
000000429323
000000050100
000000343737
000000476046
000000038426
000000333114
000000542934
000000317410
000000467135
000000494817
000000012647
000000405574
000000118110
000000001089
000000176316
000000424068
000000450414
000000381128
000000263094
000000365182
000000287335
000000468538
000000121785
000000560222
000000263826
000000022218
000000032578
000000408249
000000103158
000000040286
000000407625
000000102735
000000377845
000000488345
000000495988
000000486825
000000108575
000000344067
000000127967
000000346006
000000000536
000000492851
000000539406
000000090058
000000005335
000000541702
000000515212
000000331405
000000453104
000000299409
000000570138
000000369934
000000150235
000000193943
000000358189
000000156849
000000533176
000000339589
000000480105
000000577240
000000216098
000000420963
000000491255
000000579533
000000292928
000000496210
000000056190
000000178789
000000371807
000000421658
000000456223
000000349237
000000156769
000000204051
000000253125
000000177609
000000386739
000000536693
000000171758
000000270179
000000291773
000000268622
000000241265
000000156039
000000574114
000000476499
000000437859
000000063325
000000387515
000000074183
000000291936
000000470750
000000321195
000000010449
000000109746
000000391823
000000345634
000000571553
000000373021
000000523371
000000158420
000000307652
000000102942
000000008676
000000471113
000000277623
000000482848
000000035795
000000304069
000000396084
000000397445
000000513295
000000413202
000000240813
000000406070
000000460202
000000447913
000000323249
000000542640
000000328255
000000089350
000000494794
000000358817
000000250516
000000539737
000000049024
000000455952
000000217827
000000305462
000000376479
000000546058
000000387724
000000363656
000000041366
000000256565
000000094631
000000451550
000000186554
000000185590
000000034475
000000492510
000000358438
000000493659
000000507605
000000265096
000000468784
000000414984
000000255003
000000135237
000000344726
000000330919
000000189095
000000118234
000000189805
000000157190
000000443243
000000292554
000000065968
000000442103
000000249536
000000069308
000000490830
000000120159
000000322824
000000069136
000000334216
000000319266
000000206577
000000135135
000000180765
000000196244
000000494680
000000326264
000000537005
000000162362
000000215693
000000469137
000000506372
000000406867
000000061524
000000116141
000000207740
000000170312
000000288589
000000485808
000000042366
000000328088
000000413984
000000442531
000000402095
000000398428
000000117774
000000236572
000000362521
000000385222
000000505343
000000270778
000000421618
000000201640
000000241010
000000302227
000000527887
000000095243
000000580813
000000440715
000000572110
000000082252
000000553154
000000225591
000000303218
000000159320
000000165488
000000170366
000000208172
000000131902
000000522032
000000285929
000000055410
000000017751
000000357830
000000406244
000000168260
000000096640
000000214870
000000565670
000000397619
000000083149
000000020972
000000074603
000000270659
000000414651
000000049640
000000087618
000000193579
000000245997
000000076009
000000107233
000000301443
000000022979
000000462784
000000008786
000000254479
000000435839
000000043256
000000361947
000000353510
000000065080
000000528046
000000427283
000000189660
000000216176
000000102029
000000340844
000000169340
000000071920
000000235699
000000412780
000000023287
000000111281
000000480075
000000565194
000000363191
000000083568
000000001295
000000142977
000000536095
000000127400
000000384263
000000342045
000000168194
000000544538
000000404587
000000305709
000000145746
000000220156
000000561180
000000385196
000000159449
000000382557
000000235268
000000293668
000000480010
000000491102
000000357994
000000225645
000000144273
000000096157
000000415971
000000083117
000000015652
000000355370
000000140787
000000430654
000000454000
000000198530
000000135010
000000416303
000000390001
000000146907
000000465404
000000166201
000000550643
000000175520
000000412584
000000043912
000000521334
000000458836
000000186177
000000502311
000000218255
000000199237
000000456709
000000577946
000000035190
000000125341
000000118306
000000300147
000000177775
000000259553
000000319055
000000316658
000000478906
000000355620
000000264255
000000452663
000000002782
000000269829
000000368208
000000215436
000000400886
000000206628
000000156977
000000088540
000000000025
000000464415
000000243187
000000357017
000000493740
000000042383
000000554860
000000381173
000000569261
000000347876
000000467411
000000290122
000000040446
000000405079
000000110530
000000457169
000000248481
000000420589
000000376623
000000070011
000000410084
000000116339
000000280857
000000414881
000000141860
000000542159
000000128008
000000029755
000000568628
000000269160
000000391657
000000288215
000000004665
000000405111
000000128907
000000531782
000000341942
000000374885
000000303108
000000065943
000000223466
000000478783
000000554752
000000013150
000000053405
000000233834
000000468519
000000201969
000000050648
000000215586
000000037286
000000476599
000000308589
000000470720
000000182967
000000040251
000000537022
000000014820
000000350165
000000547770
000000104591
000000384528
000000125656
000000035313
000000030198
000000100159
000000515760
000000365540
000000280589
000000189472
000000136433
000000149623
000000148385
000000531369
000000201770
000000367242
000000411400
000000485683
000000341164
000000163339
000000001448
000000192681
000000370669
000000487476
000000233404
000000424220
000000161720
000000284043
000000069827
000000156696
000000007104
000000094770
000000563771
000000259232
000000101572
000000443589
000000004376
000000292685
000000233042
000000229150
000000192111
000000118081
000000346898
000000450700
000000317563
000000009409
000000314700
000000246311
000000348510
000000262862
000000328797
000000130921
000000102739
000000408917
000000407225
000000008351
000000281281
000000128632
000000047054
000000242210
000000203472
000000035774
000000319747
000000156955
000000342662
000000023134
000000309956
000000117205
000000567438
000000088448
000000425652
000000411130
000000079975
000000380440
000000498651
000000368103
000000506127
000000498915
000000104422
000000283955
000000410992
000000496348
000000345863
000000054955
000000441212
000000099073
000000100084
000000119299
000000317788
