000000057173
000000035313
000000078035
000000213932
000000551654
000000434264
000000433007
000000205202
000000514131
000000137748
000000032699
000000177524
000000434389
000000349201
000000556666
000000347727
000000451014
000000493978
000000471407
000000357930
000000088433
000000448504
000000485945
000000072892
000000012326
000000177214
000000198436
000000448599
000000362498
000000201770
000000133620
000000065182
000000005913
000000447328
000000383730
000000143948
000000300245
000000424083
000000466265
000000125718
000000359472
000000496766
000000092691
000000078323
000000427232
000000143125
000000041984
000000376131
000000451234
000000558436
000000466259
000000044341
000000379038
000000057879
000000385005
000000107011
000000183247
000000380981
000000127342
000000295924
000000160064
000000182637
000000170139
000000431902
000000281683
000000051630
000000463633
000000275413
000000334658
000000402970
000000314292
000000208057
000000562461
000000206496
000000214048
000000276811
000000097543
000000181920
000000528720
000000496847
000000509402
000000041132
000000098639
000000300284
000000209380
000000327105
000000383413
000000275695
000000417741
000000536923
000000225230
000000490612
000000374430
000000417650
000000127050
000000000996
000000396421
000000217468
000000257255
000000013948
000000531481
000000449177
000000035668
000000218558
000000410023
000000478007
000000537005
000000240955
000000064578
000000330094
000000237131
000000039802
000000054009
000000487058
000000451305
000000330993
000000156090
000000478057
000000323583
000000359760
000000049444
000000333708
000000414249
000000197462
000000382291
000000537553
000000558181
000000206420
000000528148
000000006225
000000128503
000000271992
000000538465
000000467177
000000017312
000000091942
000000282293
000000088613
000000051342
000000472861
000000544686
000000259398
000000185848
000000198414
000000024107
000000459914
000000264365
000000210012
000000113521
000000463613
000000004760
000000363136
000000410687
000000310861
000000106168
000000403758
000000496430
000000182968
000000448176
000000396165
000000041097
000000286303
000000560347
000000283818
000000379535
000000285093
000000541949
000000495903
000000055521
000000065206
000000537960
000000253831
000000139004
000000310703
000000116746
000000450707
000000557343
000000103390
000000499104
000000191264
000000341811
000000502114
000000111338
000000439423
000000157822
000000559720
000000218988
000000416936
000000579589
000000563683
000000256309
000000487064
000000261202
000000432529
000000209864
000000476609
000000346334
000000352758
000000169448
000000311933
000000471900
000000296604
000000225713
000000349044
000000076100
000000021801
000000468970
000000114087
000000075187
000000321500
000000066171
000000343279
000000401173
000000371360
000000154610
000000022575
000000034114
000000344703
000000422818
000000490352
000000080937
000000115086
000000036326
000000054723
000000241211
000000357117
000000573132
000000402590
000000050601
000000308739
000000230150
000000063636
000000522611
000000520039
000000155162
000000359872
000000006481
000000213897
000000154794
000000206202
000000212649
000000459200
000000432744
000000484281
000000034180
000000131059
000000347042
000000518245
000000054012
000000230996
000000030353
000000243304
000000106351
000000545500
000000180667
000000213539
000000240903
000000473045
000000000094
000000259728
000000302660
000000532037
000000113736
000000124190
000000381037
000000535113
000000152963
000000095833
000000459113
000000231280
000000446106
000000535676
000000339597
000000302147
000000206662
000000312344
000000193129
000000114327
000000445433
000000053388
000000281599
000000541702
000000246442
000000561622
000000368093
000000477321
000000229787
000000492235
000000182334
000000338248
000000136302
000000038301
000000293974
000000139907
000000356788
000000071726
000000205409
000000096107
000000020489
000000154154
000000493477
000000456356
000000184485
000000424111
000000389340
000000326317
000000168289
000000479332
000000054254
000000569325
000000191005
000000196789
000000393508
000000381350
000000064342
000000220135
000000314993
000000098502
000000113315
000000029592
000000486388
000000408475
000000375739
000000255614
000000184211
000000292719
000000259853
000000312316
000000278989
000000131450
000000568111
000000079955
000000098748
000000399879
000000426470
000000085803
000000190656
000000229507
000000254050
000000177420
000000444018
000000375248
000000476501
000000423172
000000294943
000000454796
000000497238
000000315824
000000069747
000000381560
000000054160
000000054485
000000005820
000000267059
000000193756
000000325874
000000436744
000000383197
000000108240
000000262012
000000234839
000000200654
000000355357
000000461092
000000547280
000000246375
000000554326
000000318471
000000553827
000000431557
000000542778
000000261558
000000327936
000000344893
000000230048
000000023019
000000082565
000000575612
000000298112
000000154616
000000568082
000000040103
000000539556
000000270295
000000062716
000000001732
000000189993
000000332690
000000447345
000000490042
000000578769
000000490016
000000502760
000000010580
000000342323
000000304069
000000130966
000000436564
000000344288
000000217958
000000214454
000000536095
000000542570
000000301977
000000542594
000000339403
000000199422
000000045959
000000135305
000000140006
000000235595
000000543239
000000485406
000000338509
000000140122
000000402183
000000405145
000000140581
000000418435
000000068532
000000229084
000000084536
000000156436
000000139428
000000547597
000000058149
000000352671
000000086696
000000128842
000000254520
000000400417
000000399862
000000067463
000000058758
000000567332
000000514772
000000146954
000000382261
000000368547
000000334291
000000285433
000000502700
000000569742
000000274591
000000039548
000000406170
000000412842
000000496902
000000311589
000000440015
000000514018
000000403325
000000078112
000000394880
000000445371
000000044911
000000178181
000000284902
000000101647
000000422669
000000563009
000000297859
000000372427
000000413792
000000403547
000000007730
000000493576
000000063875
000000338098
000000246875
000000535977
000000497759
000000258927
000000493773
000000530226
000000404981
000000099421
000000229837
000000572960
000000465069
000000181054
000000457889
000000419544
000000163339
000000173284
000000500471
000000283945
000000319160
000000288586
000000488033
000000253942
000000183701
000000481940
000000560119
000000527995
000000543740
000000223420
000000095300
000000398554
000000187644
000000496373
000000392394
000000083935
000000407949
000000086877
000000313712
000000341039
000000053697
000000363514
000000266131
000000355462
000000286903
000000050817
000000524822
000000508151
000000431211
000000239365
000000214725
000000197850
000000530712
000000233395
000000401822
000000172173
000000163372
000000306222
000000306343
000000107262
000000479886
000000334080
000000146786
000000238001
000000116521
000000262986
000000453132
000000538588
000000091973
000000537844
000000096854
000000095747
000000005599
000000212633
000000546343
000000531163
000000366956
000000408954
000000538737
000000338941
000000335874
000000375317
000000056868
000000039012
000000430681
000000492037
000000472250
000000554770
000000098808
000000134286
000000259446
000000248823
000000568281
000000512254
000000140736
000000369369
000000102851
000000047294
000000311667
000000543025
000000458189
000000453646
000000048661
000000070336
000000067936
000000013574
000000547387
000000369470
000000372087
000000543895
000000082431
000000322630
000000363639
000000445276
000000026624
000000520422
000000312299
000000289889
000000433190
000000196775
000000530201
000000213207
000000478490
000000350230
000000264940
000000137734
000000203671
000000319456
000000052747
000000212575
000000537773
000000151722
000000403590
000000519075
000000110381
000000047742
000000049522
000000293998
000000043692
000000533217
000000555108
000000503178
000000508006
000000312153
000000552089
000000528972
000000137341
000000170442
000000270959
000000576537
000000157965
000000291321
000000045471
000000189770
000000572110
000000559252
000000331138
000000213405
000000265589
000000174496
000000032990
000000281052
000000354827
000000215691
000000465613
000000172680
000000308703
000000548278
000000107084
000000298203
000000051587
000000241860
000000023315
000000164172
000000194411
000000297009
000000215569
000000212782
000000210077
000000069700
000000275913
000000253964
000000333231
000000297023
000000391347
000000415429
000000361991
000000246409
000000262146
000000561448
000000106810
000000256950
000000330650
000000575012
000000520480
000000481144
000000231786
000000320812
000000209200
000000284510
000000052611
000000576305
000000266914
000000255368
000000387678
000000030569
000000200971
000000352959
000000437588
000000220321
000000218037
000000245716
000000199826
000000312718
000000332913
000000110258
000000086189
000000446372
000000338057
000000096226
000000426070
000000465327
000000564532
000000378831
000000192458
000000242387
000000303423
000000156812
000000113481
000000462984
000000033358
000000161749
000000095520
000000398999
000000504216
000000500330
000000113845
000000258311
000000109921
000000002776
000000390915
000000515202
000000536034
000000565716
000000019079
000000044337
000000443209
000000326863
000000294778
000000269380
000000235916
000000442630
000000413942
000000425836
000000447038
000000075925
000000191321
000000373727
000000268750
000000027484
000000466615
000000381416
000000391745
000000027852
000000266350
000000580057
000000091172
000000525075
000000216363
000000305462
000000127286
000000254301
000000365648
000000527573
000000186720
000000505713
000000551305
000000078023
000000217710
000000006189
000000123099
000000364589
000000467818
000000415269
000000180490
000000523818
000000492351
000000070282
000000537335
000000261050
000000069956
000000324032
000000374027
000000130011
000000341707
000000057745
000000163444
000000455751
000000181681
000000121052
000000512736
000000525695
000000400966
000000193246
000000114140
000000117784
000000086435
000000325362
000000215755
000000509149
000000079035
000000563545
000000339670
000000083153
000000452852
000000308847
000000503460
000000203472
000000103287
000000332385
000000514798
000000565257
000000380717
000000080445
000000023949
000000232005
000000570346
000000487952
000000297604
000000168562
000000160443
000000129563
000000549297
000000292818
000000242426
000000016283
000000330741
000000553793
000000005180
000000579561
000000018647
000000414877
000000196280
000000437575
000000478418
000000269058
000000505126
000000052386
000000472426
000000274758
000000349709
000000412566
000000069200
000000336569
000000185545
000000011294
000000400633
000000115088
000000096202
000000121535
000000015870
000000507783
000000005860
000000418002
000000555133
000000177093
000000439200
000000304391
000000576030
000000131067
000000371260
000000341710
000000154274
000000544117
000000139856
000000109774
000000142014
000000492420
000000461902
000000140691
000000372816
000000470002
000000181132
000000215563
000000521480
000000569450
000000507091
000000119755
000000096339
000000392364
000000063676
000000419550
000000017095
000000350063
000000114926
000000244616
000000143637
000000093590
000000404046
000000352652
000000347865
000000550133
000000199943
000000539259
000000491154
000000348584
000000216455
000000172923
000000326484
000000487462
000000163483
000000461175
000000244353
000000483142
000000580286
000000177468
000000383875
000000484090
000000360263
000000567219
000000383768
000000466210
000000242116
000000186280
000000106978
000000358345
000000283278
000000406332
000000477005
000000121448
000000541709
000000233617
000000144283
000000116832
000000221003
000000468917
000000078058
000000087501
000000099425
000000154995
000000121366
000000367754
000000383329
000000167267
000000135894
000000266244
000000472643
000000043464
000000254711
000000110596
000000309060
000000541643
000000005076
000000208372
000000012240
000000280941
000000351351
000000449032
000000441772
000000044613
000000218255
000000069856
000000088176
000000055425
000000566276
000000580082
000000337354
000000480894
000000173391
000000566568
000000205391
000000363022
000000041938
000000226801
000000132123
000000212257
000000316359
000000453332
000000005883
000000256189
000000096804
000000317019
000000056852
000000121612
000000098832
000000439463
000000543985
000000545160
000000045912
000000399686
000000279929
000000124236
000000198786
000000491579
000000368208
000000328833
000000160214
000000425430
000000072792
000000127474
000000315641
000000474526
000000380301
000000073731
000000126299
000000189504
000000234352
000000018466
000000514514
000000193410
000000359701
000000152958
000000141581
000000151393
000000335085
000000426551
000000346702
000000376366
000000141201
000000241758
000000311337
000000516268
000000234990
000000391361
000000292351
000000549407
000000445131
000000251475
000000047172
000000574757
000000119966
000000053898
000000517805
000000519579
000000321120
000000185850
000000059383
000000353602
000000195712
000000170321
000000462954
000000510622
000000456690
000000211909
000000460567
000000280971
000000461669
000000053448
000000544522
000000316526
000000353398
000000506045
000000234291
000000069675
000000446661
000000014175
000000125128
000000052044
000000015862
000000380905
000000383616
000000024924
000000334708
000000040056
000000554114
000000571773
000000400918
000000302159
000000301484
000000079069
000000114815
000000166811
000000230915
000000514890
000000253805
000000132571
000000435986
000000158569
000000201270
000000055184
000000122418
000000008339
000000140813
000000104811
000000457986
000000066800
000000545867
000000102029
000000390583
000000403080
000000150908
000000345014
000000379575
000000210672
000000047936
000000129604
000000145284
000000465374
000000409374
000000524977
000000157105
000000253740
000000438810
000000098501
000000237385
000000461480
000000116652
000000295068
000000469173
000000284274
000000119505
000000436975
000000076487
000000515195
000000199794
000000121534
000000482562
000000465591
000000074179
000000564283
000000451024
000000544279
000000338987
000000016383
000000285605
000000472148
000000278287
000000419296
000000427376
000000246612
000000363747
000000237954
000000036228
000000298979
000000183398
000000355638
000000291683
000000035820
000000212856
000000090739
000000560311
000000515206
000000027070
000000201727
000000014635
000000081102
000000352576
000000105853
000000115544
000000385042
000000434069
000000566027
000000158876
000000467821
000000143510
000000069428
000000241623
000000405630
000000103631
000000482957
000000521059
000000201940
000000478962
000000292905
000000354804
000000135978
000000260888
000000408263
000000145480
000000403813
000000008592
000000376524
000000411475
000000024036
000000458613
000000330368
000000262756
000000303250
000000355620
000000203843
000000503269
000000317323
000000445338
000000308507
000000330919
000000290868
000000450478
000000361391
000000072238
000000159331
000000177492
000000106392
000000478304
000000318850
000000572675
000000116588
000000168020
000000319053
000000163743
000000062864
000000270722
000000312476
000000069568
000000476795
000000293880
000000576247
000000072382
000000370678
000000495610
000000379498
000000338736
000000079660
000000440522
000000241261
000000345882
000000531334
000000573341
000000299024
000000360208
000000569379
000000244122
000000307379
000000059648
000000545632
000000249273
000000296040
000000505104
000000117796
000000183205
000000487349
000000455809
000000502006
000000214280
000000212203
000000428605
000000295683
000000301405
000000220790
000000124462
000000172285
000000265161
000000047204
000000502380
000000364288
000000130313
000000312252
000000031235
000000409909
000000476189
000000366867
000000302397
000000018179
000000550237
000000450357
000000389168
000000513381
000000380983
000000065515
000000018090
000000398615
000000221427
000000388080
000000379732
000000294937
000000376859
000000303706
000000068128
000000373880
000000429802
000000132564
000000410627
000000398175
000000513795
000000328810
000000104392
000000566137
000000471107
000000473712
000000492151
000000159135
000000144193
000000520220
000000232401
000000418882
000000389753
000000237224
000000562335
000000539124
000000569158
000000422286
000000365927
000000309285
000000578363
000000359458
000000139721
000000057868
000000334466
000000013325
000000362365
000000394841
000000061674
000000478731
000000034482
000000327735
000000248610
000000381385
000000503232
000000059691
000000436481
000000549373
000000355767
000000522301
000000489358
000000158794
000000043635
000000460126
000000573775
000000401167
000000500514
000000179242
000000546787
000000044045
000000282351
000000012016
000000306499
000000372674
000000424068
000000399540
000000255295
000000397717
000000204987
000000002281
000000081294
000000402726
000000346544
000000277498
000000427301
000000035148
000000190056
000000305600
000000159240
000000330734
000000161349
000000135681
000000474246
000000339368
000000453918
000000388487
000000106470
000000476125
000000037003
000000492078
000000098210
000000487551
000000048101
000000578713
000000551441
000000538167
000000151758
000000029377
000000255770
000000320160
000000535284
000000570358
000000261759
000000466263
000000096183
000000231719
000000017451
000000280857
000000456528
000000170754
000000222716
000000013524
000000128561
000000235006
000000121997
000000389006
000000415839
000000349376
000000136587
000000363387
000000008786
000000170654
000000314370
000000075455
000000436387
000000398523
000000326511
000000293271
000000174024
000000530019
000000380070
000000422161
000000262851
000000546164
000000205159
000000544556
000000217302
000000228518
000000370229
000000361521
000000368559
000000471188
000000304186
000000330513
000000301453
000000203559
000000574242
000000306878
000000150812
000000432503
000000344807
000000099741
000000091025
000000117062
000000379448
000000142574
000000245135
000000208371
000000248815
000000511255
000000481760
000000271814
000000435598
000000441032
000000258773
000000347380
000000482128
000000393583
000000532426
000000137583
000000449852
000000142413
000000352828
000000278469
000000560332
000000108859
000000338826
000000534024
000000099008
000000407368
000000391463
000000032329
000000358543
000000436837
000000386525
000000548583
000000558538
000000198108
000000025797
000000183611
000000218830
000000257712
000000106964
000000313705
000000489998
000000551316
000000191439
000000580461
000000394104
000000457651
000000019239
000000554037
000000326805
000000130732
000000099297
000000215436
000000046118
000000333430
000000315645
000000496115
000000357994
000000060945
000000015709
000000065484
000000064054
000000243962
000000255575
000000039514
000000015987
000000451758
000000139836
000000424998
000000219897
000000276763
000000513965
000000003983
000000224193
000000064738
000000463603
000000490496
000000146186
000000458156
000000199437
000000542611
000000151830
000000284286
000000483357
000000297442
000000496118
000000124102
000000399178
000000520237
000000563775
000000441225
000000550019
000000243907
000000320680
000000044250
000000111099
000000028930
000000505645
000000318445
000000529379
000000538533
000000273068
000000507329
000000504851
000000553129
000000045280
000000422296
000000402973
000000044269
000000424711
000000025115
000000180315
000000269566
000000439827
000000564151
000000204174
000000213753
000000347048
000000473516
000000131678
000000221882
000000088538
000000227523
000000321215
000000473159
000000134474
000000064089
000000164224
000000385172
000000234847
000000258860
000000325863
000000000072
000000310134
000000450886
000000545859
000000196016
000000178361
000000234910
000000407349
000000093959
000000049346
000000574152
000000467685
000000067118
000000044508
000000369647
000000493300
000000257988
000000069587
000000087697
000000398331
000000339588
000000270035
000000267111
000000442345
000000010175
000000349575
000000381251
000000410946
000000088988
000000509587
000000083884
000000541999
000000118867
000000547745
000000306447
000000296474
000000375180
000000407570
000000131589
000000556154
000000469336
000000356478
000000552066
000000234370
000000279265
000000025470
000000427239
000000429614
000000364596
000000145873
000000140042
000000015802
000000241058
000000552068
000000059985
000000214046
000000091546
000000274559
000000223909
000000415944
000000376757
000000523577
000000550445
000000305451
000000421539
000000177085
000000394325
000000315193
000000079567
000000390571
000000545705
000000422063
000000149371
000000573374
000000258370
000000175751
000000440559
000000159742
000000070265
000000011791
000000250827
000000414848
000000367389
000000059041
000000039171
000000381122
000000443589
000000579176
000000546067
000000121718
000000580698
000000493845
000000093083
000000039978
000000205190
000000171449
000000264537
000000471086
000000256082
000000352649
000000565041
000000252340
000000164534
000000064884
000000067407
000000017877
000000406013
000000189257
000000557023
000000547645
000000174258
000000049017
000000038513
000000481357
000000128110
000000264420
000000101341
000000231616
000000075162
000000249058
000000335479
000000400809
000000047512
000000147289
000000374994
000000570066
000000475906
000000370724
000000107571
000000187878
000000164583
000000245983
000000088229
000000016418
000000304833
000000474502
000000194748
000000514682
000000391321
000000358081
000000211501
000000178526
000000529665
000000458177
000000083809
000000507871
000000556616
000000023541
000000208566
000000164241
000000505796
000000038064
000000375053
000000536615
000000288161
000000013517
000000377778
000000258337
000000157811
000000324403
000000231109
000000126182
000000133110
000000412455
000000494894
000000559840
000000530832
000000265274
000000424712
000000447932
000000455135
000000480683
000000291144
000000432742
000000057274
000000377294
000000489971
000000307981
000000298853
000000197163
000000452263
000000552253
000000252525
000000277729
000000169330
000000445002
000000347879
000000457348
000000572427
000000577507
000000024081
000000331875
000000368347
000000184994
000000297075
000000155376
000000145179
000000337883
000000446324
000000290137
000000424279
000000249470
000000120059
000000230436
000000515210
000000288202
000000567565
000000482590
000000175693
000000081561
000000117064
000000078410
000000265331
000000303617
000000401766
000000272838
000000129436
000000441599
000000325366
000000119953
000000279803
000000329568
000000469743
000000279027
000000229575
000000060496
000000309292
000000194054
000000466680
000000054406
000000104752
000000146881
000000566941
000000028499
000000224391
000000232963
000000430325
000000197629
000000565310
000000433168
000000544299
000000335411
000000118989
000000239600
000000206583
000000126097
000000277263
000000264618
000000409651
000000098213
000000486960
000000073040
000000084238
000000580607
000000032513
000000525860
000000514294
000000407992
000000423919
000000233341
000000529140
000000069196
000000024657
000000239315
000000211397
000000140289
000000472925
000000480421
000000191031
000000413543
000000271604
000000368775
000000282698
000000099511
000000239752
000000450117
000000186933
000000281355
000000369681
000000558741
000000387244
000000106463
000000076087
000000191913
000000314224
000000409855
000000447678
000000564969
000000479909
000000312233
000000231630
000000078716
000000481828
000000100417
000000500265
000000287027
000000414201
000000039078
000000435686
000000272480
000000404828
000000505738
000000181179
000000296388
000000425269
000000262471
000000572172
000000417528
000000385971
000000073916
000000201623
000000086625
000000089012
000000071004
000000273450
000000411690
000000337304
000000419216
000000161084
000000290400
000000405718
000000420402
000000479331
000000381330
000000282707
000000181857
000000296894
000000054589
000000487225
000000520696
000000340758
000000494240
000000110484
000000010005
000000155582
000000051070
000000265547
000000539678
000000105660
000000557610
000000511587
000000215600
000000395627
000000200735
000000450125
000000392154
000000117792
000000068130
000000011818
000000405456
000000085795
000000560361
000000266912
000000424326
000000284860
000000495731
000000034570
000000294912
000000229605
000000379024
000000204206
000000060362
000000088967
000000359283
000000015107
000000450370
000000271419
000000514118
000000534459
000000471513
000000338807
000000503598
000000335103
000000544071
000000085685
000000093670
000000273371
000000315861
000000113150
000000228953
000000475510
000000125550
000000478250
000000124419
000000227178
000000378905
000000472181
000000373678
000000272741
000000021830
000000255226
000000274509
000000202842
000000531264
000000186578
000000536619
000000352558
000000548822
000000364075
000000578856
000000030100
000000092840
000000522391
000000087263
000000140661
000000192307
000000243580
000000169166
000000083741
000000504747
000000215135
000000489497
000000204448
000000453390
000000228758
000000555366
000000567754
000000576581
000000043202
000000161083
000000198775
000000128136
000000096481
000000238933
000000352980
000000033017
000000490978
000000339890
000000067065
000000393422
000000015528
000000551651
000000147042
000000337083
000000129064
000000549563
000000453903
000000205121
000000151848
000000306365
000000358523
000000379308
000000462151
000000370926
000000152461
000000540210
000000550979
000000346915
000000271930
000000551427
000000010909
000000218844
000000397148
000000299970
000000144246
000000277048
000000398393
000000414156
000000142953
000000242605
000000367619
000000004904
000000014990
000000432417
000000190363
000000018316
000000433892
000000461634
000000403482
000000141376
000000000109
000000504586
000000035814
000000177977
000000065610
000000061052
000000170630
000000105349
000000449154
000000424560
000000298525
000000396116
000000538838
000000266932
000000126770
000000261073
000000489167
000000233365
000000374891
000000242885
000000187543
000000133688
000000161333
000000249291
000000047451
000000459218
000000431146
000000299495
000000034141
000000045276
000000283761
000000327159
000000274574
000000575307
000000554066
000000059918
000000483266
000000558798
000000441433
000000243896
000000116334
000000334039
000000235670
000000320667
000000392448
000000509584
000000214648
000000148400
000000399269
000000009091
000000247465
000000581501
000000509807
000000510992
000000209405
000000062387
000000538814
000000187866
000000542548
000000425135
000000028093
000000572180
000000234794
000000494398
000000176858
000000054448
000000299665
000000091743
000000322249
000000260011
000000148392
000000015567
000000500594
000000269945
000000286349
000000342494
000000357859
000000559721
000000000939
000000012556
000000542725
000000243021
000000430583
000000268737
000000259811
000000039159
000000167166
000000293166
000000417265
000000152425
000000521256
000000529842
000000238887
000000493659
000000076159
000000331492
000000463464
000000540728
000000235081
000000350077
000000156889
000000355603
000000575469
000000455613
000000094926
000000028239
000000540831
000000270179
000000093964
000000290354
000000449856
000000231029
000000107123
000000183884
000000362657
000000520980
000000518177
000000411941
000000302618
000000252373
000000161941
000000312343
000000092014
000000557573
000000515064
000000185502
000000381957
000000325505
000000399832
000000316727
000000318677
000000571825
000000530834
000000028957
000000493846
000000581409
000000039406
000000106935
000000134815
000000274538
000000421791
000000464271
000000544215
000000287299
000000040102
000000345462
000000054959
000000045621
000000173825
000000454103
000000295195
000000011265
000000083770
000000210702
000000512322
000000331535
000000291784
000000241388
000000194555
000000088192
000000236375
000000027246
000000075326
000000546114
000000172637
000000008292
000000230117
000000305985
000000567899
000000059868
000000251219
000000264353
000000462676
000000424304
000000320796
000000091416
000000464130
000000248496
000000434319
000000032627
000000442857
000000264032
000000443693
000000135250
000000546667
000000061904
000000137479
000000494217
000000326428
000000186344
000000545405
000000174019
000000047570
000000483941
000000324339
000000109542
000000525249
000000074357
000000557197
000000352841
000000225916
000000308251
000000125995
000000260445
000000466827
000000251343
000000399829
000000390368
000000454928
000000572886
000000535860
000000296404
000000331627
000000459201
000000556021
000000559875
000000300079
000000188478
000000246494
000000124004
000000528938
000000186322
000000360101
000000033297
000000307831
000000122605
000000236174
000000050480
000000461222
000000083953
000000246478
000000547079
000000488962
000000181436
000000183588
000000031736
000000560594
000000414948
000000485628
000000385969
000000095535
000000046612
000000564043
000000433233
000000407173
000000255418
000000020254
000000430167
000000282738
000000378214
000000089115
000000326442
000000257392
000000106677
000000510719
000000322246
000000073235
000000228335
000000208044
000000566188
000000086676
000000493316
000000134832
000000141779
000000523034
000000253746
000000300542
000000560389
000000027756
000000579999
000000133874
000000509218
000000325856
000000496554
000000059952
000000134294
000000317241
000000112664
000000040896
000000207774
000000011552
000000559312
000000001869
000000293763
000000015599
000000441012
000000518415
000000336021
000000182121
000000065153
000000234679
000000341401
000000032695
000000128826
000000459103
000000324225
000000096690
000000345897
000000119750
000000188692
000000174263
000000292907
000000224114
000000012754
000000451922
000000014167
000000333368
000000295201
000000527342
000000061526
000000142261
000000290398
000000581731
000000346560
000000083547
000000162280
000000256778
000000558634
000000000263
000000119444
000000288416
000000484110
000000201241
000000077851
000000403132
000000431997
000000053229
000000313555
000000274556
000000470057
000000216319
000000313412
000000369976
000000398229
000000243857
000000405146
000000117922
000000170803
000000287219
000000365282
000000507017
000000011727
000000577524
000000024287
000000371348
000000035241
000000562393
000000269621
000000205577
000000075270
000000445446
000000322557
000000135348
000000415629
000000295896
000000031061
000000124246
000000207739
000000566214
000000304159
000000449195
000000504184
000000334012
000000088652
000000534975
000000367881
000000127865
000000409732
000000249184
000000420146
000000557187
000000281634
000000500694
000000002964
000000360173
000000290153
000000147122
000000027742
000000242100
000000508418
000000573063
000000166430
000000079011
000000151869
000000339051
000000306383
000000431795
000000155993
000000275197
000000476397
000000189605
000000079530
000000176680
000000101531
000000442531
000000511781
000000469632
000000313362
000000091675
000000359270
000000363389
000000073823
000000387791
000000148859
000000139007
000000368731
000000419271
000000188120
000000262619
000000011796
000000189509
000000144388
000000218208
000000276283
000000512140
000000034811
000000330112
000000550338
000000216930
000000176466
000000300538
000000325206
000000227847
000000481563
000000301746
000000267008
000000006091
000000249688
000000015203
000000371791
000000445643
000000400299
000000564431
000000240043
000000215803
000000478198
000000042277
000000124643
000000217596
000000388766
000000033146
000000163585
000000046211
000000194208
000000218215
000000228350
000000511279
000000487489
000000289845
000000047734
000000233703
000000173978
000000544371
000000501851
000000554031
000000309033
000000567037
000000567287
000000047407
000000152618
000000340659
000000271760
000000511204
000000441695
000000083060
000000190313
000000193594
000000026702
000000019447
000000350214
000000545114
000000111737
000000152942
000000261071
000000486905
000000526301
000000284233
000000518769
000000404785
000000033697
000000492853
000000281327
000000218578
000000452919
000000204779
000000138070
000000212646
000000293252
000000137385
000000213399
000000080147
000000338872
000000486686
000000349559
000000361356
000000050753
000000512966
000000309817
000000185667
000000490927
000000001315
000000529545
000000068179
000000069426
000000333048
000000161370
000000291214
000000337180
000000455081
000000398494
000000319139
000000451667
000000170194
000000083987
000000524314
000000297770
000000132795
000000131969
000000516998
000000360066
000000219399
000000219965
000000385026
000000372702
000000406841
000000456602
000000456149
000000487876
000000073075
000000559652
000000527925
000000574037
000000165960
000000489385
000000526840
000000034409
000000344857
000000433420
000000525549
000000091844
000000510449
000000444340
000000103564
000000063482
000000204219
000000340698
000000248478
000000102096
000000157926
000000076781
000000222726
000000535961
000000508634
000000124739
000000281227
000000129557
000000391638
000000350649
000000040500
000000017859
000000111568
000000402206
000000384883
000000137094
000000022671
000000551086
000000175801
000000030395
000000131418
000000519089
000000465813
000000010138
000000091440
000000496683
000000387696
000000035642
000000335844
000000005345
000000414539
000000111574
000000373239
000000505335
000000285929
000000366461
000000044637
000000567495
000000240802
000000138644
000000416818
000000321522
000000170045
000000251096
000000185821
000000495776
000000145573
000000153609
000000064902
000000062459
000000526364
000000012321
000000463619
000000064196
000000021183
000000368676
000000389516
000000535820
000000504977
000000055412
000000575909
000000269355
000000369144
000000418109
000000345245
000000283586
000000384332
000000395703
000000253455
000000458199
000000521361
000000077486
000000183348
000000581262
000000426556
000000367767
000000167126
000000472108
000000516725
000000242869
000000253658
000000230670
000000380126
000000358633
000000228197
000000426049
000000465169
000000287335
000000092198
000000265709
000000219041
000000575805
000000020398
000000374947
000000565522
000000000312
000000015485
000000015239
000000397109
000000260336
000000455290
000000445569
000000061515
000000161506
000000342377
000000463787
000000460198
000000045999
000000041837
000000143501
000000335747
000000021269
000000113276
000000028506
000000012923
000000339678
000000026430
000000183201
000000027285
000000274852
000000135057
000000062540
000000559865
000000178871
000000461692
000000279450
000000231338
000000574076
000000436555
000000189472
000000327047
000000291028
000000411082
000000282711
000000379754
000000330922
000000228834
000000173080
000000074096
000000303140
000000285579
000000559073
000000187025
000000488571
000000334448
000000147073
000000385181
000000354631
000000463803
000000403398
000000209542
000000497042
000000066499
000000047659
000000237743
000000259434
000000448985
000000106397
000000223902
000000095257
000000005335
000000216324
000000431407
000000112093
000000046025
000000367362
000000564270
000000541345
000000197605
000000107880
000000061826
000000151094
000000158555
000000494466
000000117413
000000237872
000000497160
000000149298
000000519347
000000412551
000000348348
000000450223
000000410375
000000295686
000000371183
000000476313
000000431901
000000006019
000000497736
000000443579
000000572865
000000105642
000000251569
000000200024
000000309284
000000484929
000000239502
000000320703
000000383065
000000435466
000000431304
000000034777
000000482929
000000491845
000000203661
000000027175
000000407378
000000117095
000000357219
000000013868
000000493235
000000344456
000000228274
000000301431
000000356060
000000405800
000000563898
000000446218
000000227724
000000172778
000000058677
000000018158
000000435569
000000522406
000000473260
000000391595
000000139296
000000155873
000000017697
000000461221
000000453357
000000382357
000000067956
000000167330
000000110881
000000350133
000000357549
000000225337
000000349322
000000325369
000000098290
000000377879
000000010645
000000380096
000000333494
000000342185
000000265280
000000326369
000000419449
000000244986
000000390366
000000248372
000000196413
000000387913
000000260772
000000048863
000000346121
000000518357
000000446260
000000084679
000000574419
000000059906
000000581392
000000017553
000000549685
000000261800
000000446058
000000187810
000000469010
000000127603
000000340128
000000071347
000000354278
000000419473
000000150646
000000399984
000000353790
000000399183
000000009673
000000532124
000000381117
000000408705
000000479195
000000474004
000000404792
000000239029
000000357167
000000248417
000000261829
000000291597
000000044267
000000120210
000000554067
000000078372
000000543090
000000331667
000000186799
000000217509
000000271780
000000192585
000000448280
000000015268
000000453287
000000182369
000000470068
000000203034
000000574207
000000446614
000000180141
000000406855
000000512923
000000174457
000000230428
000000415964
000000435473
000000050609
000000545278
000000472444
000000439995
000000480929
000000233614
000000284901
000000243912
000000533003
000000502425
000000560326
000000281976
000000214801
000000408465
000000256565
000000307359
000000216686
000000486372
000000323494
000000067023
000000438427
000000429207
000000019904
000000465734
000000064531
000000097878
000000380842
000000265414
000000571553
000000406899
000000562341
000000193271
000000020935
000000014493
000000400200
000000135125
000000383322
000000153907
000000156759
000000437464
000000529777
000000370749
000000571955
000000395512
000000226502
000000077533
000000240521
000000177090
000000423769
000000273156
000000092674
000000159820
000000572171
000000079356
000000272217
000000246248
000000576598
000000412868
000000442657
000000181509
000000435673
000000053088
000000420079
000000229566
000000376590
000000304438
000000549268
000000551959
000000319616
000000554364
000000556152
000000394518
000000314430
000000485099
000000293545
000000235034
000000557804
000000339058
000000299488
000000368768
000000256731
000000517719
000000338159
000000491505
000000521689
000000487688
000000254479
000000528555
000000372599
000000497757
000000159952
000000399276
000000398548
000000059528
000000112805
000000285998
000000254879
000000446832
000000401182
000000126607
000000266217
000000414828
000000308659
000000437597
000000579883
000000531782
000000074573
000000038791
000000317410
000000144358
000000497698
000000062057
000000220037
000000020355
000000019781
000000471945
000000130339
000000264434
000000439907
000000080818
000000007420
000000531552
000000235038
000000290026
000000036567
000000437282
000000164830
000000193023
000000118742
000000239101
000000226517
000000370448
000000099393
000000505082
000000347172
000000122964
000000104001
000000326445
000000057361
000000377651
000000337422
000000330990
000000206809
000000267699
000000014261
000000020651
000000161809
000000227502
000000102421
000000208024
000000502894
000000438413
000000348019
000000302512
000000409066
000000272901
000000296471
000000496411
000000211047
000000407346
000000487076
000000468471
000000055744
000000430192
000000571236
000000050290
000000321194
000000516823
000000353561
000000420081
000000314378
000000235187
000000073016
000000011948
000000105719
000000222948
000000205520
000000517403
000000278238
000000426595
000000139130
000000135237
000000465697
000000541832
000000016317
000000049673
000000443455
000000027942
000000161277
000000533125
000000267988
000000370175
000000557339
000000092355
000000117674
000000135113
000000541631
000000138806
000000154060
000000364341
000000112362
000000541324
000000423341
000000539448
000000391976
000000028327
000000458879
000000464558
000000535506
000000571779
000000530384
000000174529
000000482371
000000489209
000000091517
000000560152
000000267189
000000529597
000000060387
000000121016
000000426282
000000011360
000000260838
000000225363
000000386079
000000167693
000000007224
000000264699
000000028853
000000553660
000000029706
000000366295
000000327664
000000565077
000000359695
000000535259
000000517920
000000232490
000000387153
000000531944
000000061919
000000044774
000000304853
000000467705
000000525779
000000110011
000000568788
000000146150
000000370868
000000238018
000000494383
000000057676
000000175270
000000386632
000000269736
000000427252
000000297363
000000509986
