000000096107
000000252340
000000359005
000000326517
000000105108
005244
001130
000000233617
002332
000000121920
000000460857
2008_006416
000000556472
2008_004807
000000398494
000000451359
000000449032
000000474003
000000356382
000000498241
000000409403
000000281394
005052
000000437604
000000075046
2010_004505
2011_000002
000000332578
000000374270
000000365623
000000414068
2009_002937
000000387696
000000088487
000000330513
2009_003710
000000099030
000000310085
003826
000000333424
000000528938
2010_001061
2010_000942
2011_003194
000000080231
000000021801
2009_004392
000000528782
2009_003566
000000460208
000000540460
004432
000000028982
000000255365
000000178440
2010_001974
000000078696
2008_000469
000000117899
000000177658
000000461256
2011_002784
000000496268
002659
000000412857
000000560723
2009_004298
000000071726
2010_002713
000000422161
000000173451
000000272420
007720
000000167906
003042
000000544687
000000036041
007458
008654
000000277096
000000147122
2008_003402
000000495379
000000202966
000000557610
000000225183
000000545040
000000360844
000000245839
000000542814
000000254879
007772
2011_002137
000000046118
000000082131
000000474502
000000336075
000000201622
009491
000000506151
002376
000000071970
000000161010
000000349090
000000350278
2011_001875
000000290951
000000075560
000000042057
000000519135
000000440160
000000055085
000000318361
000000068260
001149
000000551170
000000268688
000000334614
009325
000000496683
000000557677
000000189660
000000011360
000000164224
000000127286
000000557081
000000161762
2008_005863
000000062763
000000187427
000000119916
2009_002416
2008_005393
000000388011
000000577744
2010_004002
2010_000814
2008_001682
2011_000499
002745
000000263734
006673
000000263176
000000474526
000000558286
005757
000000365301
000000238525
000000492924
000000445338
000000140661
000000545710
000000409331
000000077383
000000002964
000000576030
000000277885
2009_002932
000000123765
2010_003103
000000142969
000000407644
2011_002406
000000207740
2011_002776
007064
000000046891
2008_005788
000000564151
000000172654
000000270790
000000496430
004710
000000415283
000000337262
000000332499
000000410114
000000291597
000000545727
000000484281
000000580162
000000214725
000000363881
000000400966
000000492267
006874
000000577239
000000425289
000000557648
000000151268
000000102030
000000030787
000000093686
000000395865
000000393266
2009_004598
000000333498
000000454144
000000118837
2009_002634
000000265938
000000027070
000000392033
000000113077
000000276239
000000440935
000000207058
000000473516
000000325505
000000502752
000000067634
000000161506
000000430567
000000420065
000000164655
000000523346
000000090237
006042
000000452813
000000254101
2010_004768
000000518664
000000351473
000000111180
000000456755
000000519579
000000432932
000000400603
2008_003500
000000291018
000000517510
000000560119
000000170888
000000349709
000000503170
000000579909
000000039434
000000278512
2010_005502
000000485955
000000253528
000000374077
000000493500
000000077650
000000008311
000000580729
2009_001743
000000445603
000000417248
000000544601
000000093571
000000551875
000000151351
000000128167
2010_001124
000000504516
000000186322
000000174887
2008_000321
000000489900
003705
000000189888
000000107840
2010_003291
000000466054
2008_000238
000000036713
2008_005884
2009_004652
000000512961
000000516372
000000473728
000000093535
2008_007738
003028
000000099040
000000203024
000000447999
000000577982
2011_001223
000000394783
000000494329
000000244122
000000349376
000000519075
000000403118
000000419449
000000452908
000000121615
002300
000000481257
000000550055
000000487349
000000482505
000000509379
000000419497
000000084383
000000163761
000000127495
005461
000000154343
000000554176
2011_002854
000000315605
000000154770
000000458143
000000256309
000000028930
2009_005156
2011_001755
000000350975
000000003988
000000230007
008680
000000319221
000000337390
000000371360
000000172899
000000214450
000000129781
000000203110
000000019184
000000445131
000000098639
2010_004415
000000345993
000000523322
000000519146
000000341383
000000144915
000000560576
009764
2008_008321
000000052627
000000406732
000000449177
2011_000450
000000195449
001901
000000433013
000000492817
000000510718
2010_001158
000000080808
000000332654
000000419296
000000381350
2009_001960
008467
000000392871
000000246831
000000328921
000000215691
2010_004168
000000298698
2009_001675
000000435466
000000381395
000000370926
2010_002678
000000214481
000000139970
001554
000000064915
000000004993
2010_003257
000000116588
2008_003989
2009_002472
2009_003905
2010_003725
000000030569
000000205202
000000133426
000000471513
000000262986
000000091172
000000458027
000000092752
000000575691
000000552265
2011_001560
000000070794
000000008333
000000150867
2009_000642
000000084821
000000047570
000000036326
000000410236
000000265490
000000492104
2009_003713
000000549568
000000467447
002152
005519
000000545632
000000419678
2010_002448
000000147915
000000045844
000000369681
2010_003187
000000429949
000000520940
000000452334
000000124643
2011_000505
000000224878
000000075114
000000139507
000000433110
001332
000000275558
000000395997
000000490046
000000150769
000000300725
000000562138
2008_008197
000000157669
000000415427
2009_001106
000000097748
000000438620
000000463290
000000391436
000000023812
000000096832
000000228552
000000428105
000000157020
000000098493
000000444311
000000491628
000000341811
000000172148
000000571821
2010_000361
2008_007465
000000435163
2011_001166
000000205613
000000079968
2008_005013
2008_001681
000000386752
000000531552
2008_006063
000000348279
000000257379
000000128297
000000518610
000000123415
000000269168
000000454979
2009_001195
2010_001941
000000178526
2008_008588
000000366661
000000365519
000000159952
007544
2011_002005
000000354268
000000265173
000000457877
000000401616
000000223019
000000249151
000000491274
000000181681
008862
000000017312
000000320667
000000173019
2009_000030
000000439241
003228
000000519738
000000301783
000530
000000548731
000000050355
000000447688
000000362498
000000086878
2009_004796
001741
000000487225
2009_001198
000000551677
000000311726
000000365470
000000288548
2009_005229
000000161603
000000561795
2010_003806
000000072551
2008_001649
000000298799
000000401518
001187
000000398406
2009_000466
000000286471
000000342639
000000022650
000000554348
007088
000000544611
2008_006637
000000260513
000000071182
000000547863
000000195806
2010_005821
000000215124
000000402514
000000209752
000000066406
000000263504
000000145820
000000554169
000000348595
000000280709
000000361948
000000542725
000000348795
000000247311
000000222500
000000545874
000000042371
008831
000000220371
005290
000000227226
000000047563
000000101491
000000231140
000000038606
000000490042
2009_001905
2008_007519
2010_005049
000000420079
000000471916
008416
000000272217
003112
000000396622
2008_005734
000000282711
2008_000268
000000167781
000000067537
2010_004654
000000239331
000000314929
000000426551
000000360263
008169
000000312760
2010_003864
000000126204
000000577212
2009_000375
000000247157
000000403773
000000064423
000000201727
000000215675
000000278097
000000401393
009020
000000117691
000777
000000176466
2009_003272
000000068422
000000023405
003889
000000026799
000000290153
000000301188
000000195390
000000353260
000000223766
000000052183
000000466818
000000563098
000000068764
000000331785
000000523371
000000166207
000000339278
000000132485
2009_001888
008948
000000077405
000000488349
000000530475
2011_001842
2011_001833
000000031521
000000407289
000000368440
000000538999
000000440340
000000299672
007129
000000314069
000000511587
000000366795
000000515347
2008_008132
000000326935
2011_002034
009767
006486
2008_004579
2008_004663
005579
009409
2010_001924
000000130856
000000298290
000000339186
2009_000469
000000331667
2010_001529
000000130914
2008_001335
2011_000057
000000393503
000000076100
000000049491
000000422517
000000395469
000000053361
000000176734
001902
000000443784
000000364458
2008_006203
2008_000222
000000200386
000000206913
000000325564
000000145952
000000343169
000000492444
000000526008
000000076648
000000398569
000000106375
000000434930
000000568947
000000522778
000000275557
000000094317
000000579386
2010_001457
000000387704
000000013797
2008_004321
000000246478
000000127474
000000441385
000000368479
000000060362
000000322692
2009_001608
000000528142
2008_006055
000000521953
000000520043
000000103390
000000375180
000000201145
000000381957
000000571136
2009_002144
000000514294
000000562291
000000260275
000000484960
000000515878
000000075458
000000107183
000000110027
000000532159
2008_008676
2008_001414
000000260888
000000493805
000000560943
000000114926
001311
000000322376
2009_004817
000000572572
000000278055
000000019322
000000468408
000000436287
000000452535
000000273633
000000216063
2011_003091
000000025833
2009_003541
2011_001741
000000161941
000000218844
000000330894
2009_004165
000000087219
000000484332
000000510035
000000342702
000000470085
2010_003690
000000426390
000000333368
2010_001201
000000375129
000000548010
000000326496
000000384907
000000487058
000000001442
000000294937
000000069969
2010_000534
000000524155
000000191689
000000335076
007991
000000112770
000000004318
000000124116
000000260381
2008_001805
000000276971
006026
000000085501
000000034222
2009_001644
2009_005282
000000169331
2010_001522
000000523217
000000142002
2008_003348
000000424193
000000069705
000000249275
008083
000000526723
2010_000390
000000121110
000000328751
000000481828
000000177090
000000317911
2008_005333
000000396366
000000178157
000000187644
000000573527
000000311206
000000538413
000000062880
000000477230
2009_001972
000000328654
000000539313
000000249623
2009_002302
000000138935
2010_004256
2008_004235
2009_004730
2008_008567
2010_002402
000000383470
2011_002811
000000372816
000000369485
000000008074
000000079632
000000092218
2009_002809
000000110381
000000040187
009463
000000530876
2010_004817
000000328368
000000466529
000000187111
000000140513
000000011842
000000096420
2010_002736
000000149738
000000466714
000000463613
000000144505
000000096894
000000006019
000000247703
2008_008753
000000292689
000000115765
000000570032
000000402531
2010_003815
000000266569
2008_000788
2008_000492
000000207282
2009_003417
000000447119
2011_001240
2011_001323
000000440313
000000427956
000000315824
000000431872
2009_000904
000000457745
000000011276
003667
000000235473
000000140236
000000401642
2009_000574
000000168016
2009_001751
