000000305626
000000521849
000000414877
000000275956
000000460910
000000528261
000000278936
000000482834
000000498196
000000137861
000000369349
000000302230
000000098979
000000529383
000000044928
000000192410
000000015725
000000542301
000000482485
000000363673
000000500018
000000045844
000000015599
000000500612
000000393638
000000392971
000000403525
000000474246
000000149835
000000310140
000000292763
000000287312
000000084551
000000023096
000000216462
000000290137
000000364288
000000112656
000000228953
000000369499
000000282234
000000436809
000000161941
000000152056
000000199150
000000448117
000000502397
000000145718
000000419449
000000392422
000000087555
000000363639
000000045280
000000144161
000000535977
000000559754
000000489998
000000444830
000000049819
000000442451
000000086988
000000476104
000000341676
000000255226
000000418315
000000310683
000000303178
000000521968
000000319005
000000504487
000000355223
000000224878
000000230838
000000350897
000000051504
000000296581
000000314725
000000089407
000000234343
000000178526
000000453724
000000414927
000000533979
000000095358
000000267825
000000558405
000000459342
000000353398
000000065582
000000300930
000000220321
000000297363
000000037727
000000111010
000000465463
000000381858
000000369470
000000573063
000000180515
000000359843
000000474461
000000332866
000000197212
000000013417
000000340200
000000178285
000000052747
000000575805
000000128201
000000272773
000000017769
000000072397
000000047909
000000024851
000000213795
000000494248
000000561785
000000067470
000000084561
000000281745
000000072133
000000110761
000000003145
000000383173
000000023569
000000102357
000000071988
000000472181
000000542510
000000513793
000000177530
000000408954
000000525510
000000345074
000000545314
000000476191
000000071099
000000332821
000000128500
000000513729
000000106216
000000063251
000000396574
000000531334
000000022649
000000325175
000000012897
000000122213
000000228274
000000087933
000000366405
000000134160
000000185773
000000027844
000000490031
000000166060
000000291321
000000572108
000000137402
000000396084
000000200494
000000351904
000000157267
000000225121
000000155739
000000381262
000000403523
000000396120
000000055942
000000202783
000000022621
000000348379
000000036816
000000259417
000000174701
000000548278
000000342377
000000496281
000000580870
000000185983
000000259434
000000202209
000000307032
000000102096
000000523883
000000092714
000000454102
000000156809
000000097733
000000436333
000000347695
000000386762
000000531963
000000007936
000000292435
000000500888
000000247179
000000411941
000000179242
000000147753
000000059231
000000275413
000000205266
000000340069
000000219594
000000561126
000000425219
000000006091
000000160443
000000416193
000000286138
000000344998
000000457503
000000283323
000000373148
000000196355
000000176082
000000189391
000000134188
000000213932
000000131126
000000068789
000000330513
000000537844
000000543194
000000227241
000000070829
000000097131
000000478805
000000262715
000000388714
000000135303
000000130681
000000301300
000000401766
000000162813
000000289895
000000406332
000000017451
000000551427
000000062763
000000455188
000000136168
000000023444
000000470691
000000008519
000000326237
000000514249
000000435576
000000026430
000000186671
000000518357
000000426979
000000312299
000000202752
000000089999
000000451151
000000387696
000000333826
000000348496
000000551383
000000158326
000000110792
000000023287
000000109774
000000557339
000000040068
000000253924
000000369461
000000096132
000000508006
000000232894
000000364040
000000041097
000000185866
000000221459
000000410344
000000296134
000000288649
000000424982
000000192970
000000517755
000000279221
000000015391
000000392170
000000408873
000000050961
000000021801
000000446763
000000574152
000000031788
000000512123
000000232230
000000352841
000000186344
000000182710
000000168329
000000172377
000000163104
000000263002
000000425041
000000491505
000000246729
000000103773
000000412697
000000229478
000000131942
000000561865
000000155921
000000401040
000000174019
000000565330
000000548951
000000201899
000000396768
000000043872
000000075802
000000226517
000000267552
000000036750
000000001737
000000155309
000000125412
000000514006
000000563775
000000549720
000000537919
000000447009
000000534980
000000249623
000000121366
000000571105
000000436023
000000406732
000000035972
000000027334
000000062540
000000515210
000000045463
000000022802
000000165063
000000232287
000000079469
000000158795
000000005095
000000250991
000000133556
000000091942
000000552149
000000558380
000000023038
000000428554
000000186177
000000512151
000000249869
000000474832
000000103352
000000444386
000000275494
000000428599
000000347529
000000305538
000000292512
000000459219
000000375180
000000358429
000000046473
000000054262
000000280469
000000283942
000000334380
000000184613
000000352938
000000195969
000000322141
000000197806
000000093587
000000358134
000000527597
000000242248
000000228373
000000502606
000000268681
000000078323
000000471711
000000310861
000000323424
000000075871
000000172158
000000562393
000000164830
000000047492
000000015870
000000055288
000000459935
000000121056
000000217509
000000098748
000000199469
000000264381
000000365206
000000121619
000000311568
000000341933
000000525932
000000438835
000000278535
000000548528
000000356154
000000437363
000000133104
000000471686
000000409658
000000295840
000000268159
000000300415
000000446661
000000198947
000000392394
000000234352
000000139040
000000538805
000000438364
000000498729
000000005085
000000449029
000000476660
000000186322
000000474622
000000528147
000000248919
000000338911
000000229385
000000229324
000000126182
000000241273
000000471056
000000273450
000000229000
000000439248
000000401951
000000463613
000000497873
000000250711
000000552066
000000243857
000000489304
000000540733
000000531499
000000320508
000000371260
000000552253
000000549612
000000453903
000000545491
000000027530
000000481723
000000141519
000000520810
000000106419
000000369485
000000516372
000000067515
000000255859
000000511866
000000146091
000000306394
000000281779
000000567037
000000118378
000000379067
000000316007
000000366461
000000132503
000000554215
000000083573
000000048863
000000188290
000000186794
000000332027
000000172463
000000400633
000000408815
000000426602
000000239355
000000221753
000000399269
000000015667
000000015525
000000167395
000000306047
000000115056
000000507570
000000575469
000000082879
000000009668
000000397473
000000125168
000000539716
000000283982
000000026924
000000116618
000000421457
000000561783
000000554066
000000018029
000000004620
000000012529
000000407225
000000490720
000000410110
000000108042
000000005635
000000047409
000000211560
000000510977
000000423860
000000541313
000000400449
000000497160
000000326168
000000420079
000000433151
000000021183
000000015792
000000131915
000000417365
000000517534
000000320877
000000564682
000000561448
000000262662
000000114479
000000173966
000000167903
000000308276
000000165298
000000255480
000000225508
000000035012
000000135113
000000512757
000000232339
000000488232
000000428244
000000168031
000000100687
000000245662
000000158494
000000298017
000000096640
000000056580
000000020692
000000496879
000000419750
000000389006
000000284286
000000061316
000000521619
000000255524
000000089121
000000401045
000000074861
000000405226
000000437859
000000524195
000000190440
000000574795
000000461916
000000045270
000000014818
000000038274
000000279060
000000121997
000000560552
000000085670
000000453319
000000441433
000000033576
000000054572
000000399101
000000312403
000000288553
000000345863
000000277038
000000447194
000000548126
000000015193
000000546463
000000008234
000000238960
000000053929
000000491154
000000147873
000000366179
000000426377
000000552721
000000124142
000000206273
000000193166
000000129328
000000061992
000000347736
000000066491
000000122869
000000087743
000000163591
000000567787
000000319024
000000180042
000000291784
000000301875
000000415594
000000442536
000000489183
000000562335
000000195172
000000519554
000000477390
000000448530
000000555582
000000538291
000000440045
000000254418
000000572084
000000088567
000000404781
000000177775
000000310242
000000358580
000000187518
000000342490
000000121454
000000520342
000000350230
000000288513
000000424351
000000132485
000000577552
000000305206
000000436744
000000200143
000000342394
000000244418
000000336580
000000545804
000000385317
000000472938
000000577876
000000551922
000000207171
000000018819
000000571773
000000243296
000000304069
000000542725
000000077479
000000132447
000000027215
000000355603
000000345903
000000079846
000000289147
000000346904
000000323423
000000125585
000000568281
000000532503
000000160214
000000526030
000000114327
000000453438
000000188372
000000316696
000000106351
000000489199
000000029170
000000177262
000000065938
000000300123
000000190150
000000276918
000000393857
000000337585
000000302528
000000491778
000000303308
000000228091
000000371255
000000475667
000000075090
000000214875
000000142386
000000170803
000000027942
000000039588
000000322692
000000015151
000000231905
000000184205
000000122172
000000424641
000000362785
000000241599
000000219174
000000091051
000000572089
000000452919
000000427789
000000489358
000000398025
000000146149
000000461996
000000524257
000000231536
000000438331
000000201727
000000399183
000000505666
000000365312
000000511654
000000062068
000000076721
000000285820
000000236515
000000080085
000000473171
000000575776
000000500044
000000324339
000000412365
000000308608
000000481454
000000013843
000000033358
000000116936
000000563938
000000538359
000000476699
000000295443
000000526608
000000458467
000000486718
000000030187
000000574541
000000433892
000000312712
000000469647
000000479395
000000572110
000000119333
000000422375
000000106392
000000380162
000000354993
000000178181
000000145266
000000050372
000000261175
000000044964
000000481828
000000475593
000000445338
000000369358
000000073096
000000353017
000000260896
000000265771
000000111281
000000225041
000000270179
000000294346
000000082873
000000419497
000000055601
000000077709
000000137479
000000188696
000000359834
000000567186
000000086625
000000257379
000000318222
000000293468
000000210528
000000116771
000000074461
000000075646
000000072007
000000262239
000000300102
000000504616
000000318850
000000122238
000000118730
000000355110
000000306830
000000494383
000000124236
000000486162
000000384420
000000407063
000000430808
000000465369
000000147073
000000360068
000000209186
000000176086
000000310703
000000572789
000000103631
000000505546
000000029253
000000061674
000000314370
000000412939
000000198811
000000211048
000000421791
000000461311
000000097371
000000366558
000000376684
000000075948
000000278660
000000263878
000000526491
000000290153
000000181128
000000547807
000000394271
000000154382
000000165334
000000512140
000000435466
000000327433
000000208244
000000467071
000000239089
000000065211
000000546952
000000305813
000000015600
000000078200
000000275374
000000452381
000000126524
000000101110
000000311771
000000213023
000000413346
000000345979
000000321223
000000255770
000000261026
000000203843
000000130555
000000333708
000000549629
000000396421
000000264032
000000282552
000000023541
000000187168
000000047905
000000025115
000000085529
000000004705
000000051025
000000357167
000000001228
000000541901
000000237568
000000418099
000000225345
000000569325
000000010232
000000312344
000000308703
000000030820
000000147042
000000062292
000000482177
000000402087
000000316441
000000355638
000000572171
000000555534
000000563947
000000279226
000000311902
000000338766
000000191031
000000579859
000000396670
000000200735
000000322835
000000132394
000000497441
000000080147
000000084896
000000534935
000000005883
000000264618
000000113236
000000029287
000000253528
000000293974
000000259721
000000032699
000000398702
000000333978
000000009381
000000290896
000000342797
000000255069
000000446354
000000148859
000000352422
000000313285
000000464214
000000310216
000000534881
000000038986
000000127110
000000428754
000000366831
000000349525
000000437789
000000328449
000000344924
000000300445
000000577613
000000268147
000000447976
000000133486
000000309161
000000512449
000000390567
000000210372
000000400887
000000155811
000000536164
000000533013
000000468341
000000034482
000000327047
000000293782
000000375810
000000091326
000000400417
000000212174
000000135714
000000145945
000000433536
000000313888
000000034333
000000185494
000000566027
000000157209
000000443259
000000521125
000000512424
000000219861
000000058141
000000075842
000000187400
000000520660
000000564803
000000370926
000000534723
000000157497
000000267683
000000112253
000000089126
000000165395
000000088538
000000409374
000000471992
000000060043
000000151101
000000254884
000000010645
000000056070
000000202970
000000009620
000000408989
000000301993
000000014824
000000125720
000000466827
000000470411
000000542611
000000182658
000000283278
000000473839
000000213215
000000530201
000000415413
000000358297
000000534208
000000054011
000000425807
000000388504
000000542640
000000100744
000000079298
000000288039
000000271992
000000037771
000000440015
000000017282
000000128599
000000124614
000000269160
000000334121
000000016119
000000401653
000000580390
000000478154
000000310617
000000534784
000000450245
000000407346
000000087378
000000424368
000000254520
000000149767
000000313061
000000127997
000000290002
000000364032
000000177375
000000421564
000000145604
000000182927
000000140073
000000047512
000000554852
000000542084
000000194800
000000149924
000000523055
000000561433
000000407915
000000077689
000000297944
000000057274
000000133908
000000277563
000000206876
000000275695
000000028957
000000117300
000000158556
000000324940
000000361746
000000333583
000000085390
000000187037
000000242116
000000358359
000000294925
000000508567
000000077990
000000158306
000000432998
000000206300
000000560700
000000285651
000000005198
000000110484
000000425158
000000033841
000000137211
000000379024
000000333665
000000288905
000000133314
000000561647
000000408067
000000567693
000000250365
000000180013
000000147289
000000516328
000000099297
000000179186
000000262756
000000449504
000000103390
000000517702
000000444273
000000229084
000000215878
000000366795
000000133175
000000450223
000000295257
000000124349
000000510399
000000345161
000000107013
000000283586
000000568082
000000286042
000000288700
000000553030
000000369341
000000153631
000000507479
000000367843
000000260025
000000015174
000000363656
000000335244
000000029817
000000025412
000000085215
000000120210
000000490993
000000324228
000000235200
000000476220
000000388744
000000403222
000000002964
000000337883
000000418069
000000124466
000000042931
000000409241
000000203208
000000511301
000000399784
000000229866
000000229837
000000065153
000000108859
000000079303
000000416476
000000521201
000000551713
000000516046
000000092198
000000393292
000000398331
000000012283
000000506792
000000229832
000000403263
000000177090
000000278452
000000098502
000000494236
000000012268
000000332545
000000291797
000000181422
000000536265
000000111406
000000249555
000000356791
000000460962
000000559639
000000005021
000000444270
000000132094
000000528411
000000159761
000000571842
000000520039
000000409744
000000022167
000000127268
000000210042
000000080931
000000241407
000000134459
000000505492
000000321811
000000337802
000000514016
000000551677
000000363433
000000113736
000000099425
000000282711
000000327694
000000433801
000000075326
000000491274
000000440354
000000569158
000000137094
000000269634
000000347233
000000574829
000000461183
000000418385
000000050655
000000336812
000000295250
000000048664
000000388812
000000059293
000000170931
000000261521
000000554617
000000030471
000000571779
000000097200
000000571825
000000010114
000000071004
000000349486
000000087029
000000398613
000000203359
000000580161
000000085004
000000515876
000000000294
000000316575
000000045593
000000383065
000000048708
000000496847
000000323960
000000198621
000000222921
000000293215
000000347243
000000560389
000000112865
000000393072
000000125273
000000033172
000000244209
000000524331
000000473516
000000331409
000000270812
000000437832
000000018316
000000321594
000000008401
000000327181
000000019062
000000072681
000000009557
000000184763
000000295875
000000151577
000000203661
000000269621
000000065781
000000239792
000000488755
000000039468
000000501966
000000192796
000000475906
000000117969
000000383841
000000251448
000000293242
000000063782
000000028367
000000069350
000000488657
000000291330
000000407368
000000019711
000000340316
000000411343
000000138290
000000508481
000000281976
000000278732
000000259088
000000187543
000000427886
000000227523
000000002619
000000097240
000000461692
000000355651
000000301747
000000032918
000000475465
000000437426
000000316359
000000117899
000000227503
000000295889
000000000542
000000375382
000000518873
000000085867
000000327337
000000135467
000000431708
000000109319
000000015839
000000556025
000000446732
000000552273
000000199688
000000439827
000000409375
000000411436
000000198705
000000464271
000000397203
000000383616
000000209842
000000242365
000000412373
000000434526
000000378604
000000139130
000000282316
000000037477
000000163897
000000007726
000000552571
000000517082
000000315156
000000539311
000000268224
000000205221
000000389946
000000490010
000000012784
000000517719
000000297956
000000343634
000000051630
000000028903
000000094667
000000188173
000000211420
000000033297
000000430583
000000258674
000000170130
000000176680
000000125464
000000574942
000000253480
000000572572
000000056473
000000219756
000000199203
000000520769
000000530396
000000284676
000000040686
000000317805
000000312381
000000573341
000000407992
000000073195
000000020052
000000375169
000000463004
000000428125
000000511583
000000125774
000000450478
000000544371
000000203349
000000024563
000000495059
000000128152
000000086189
000000035498
000000050945
000000229740
000000325057
000000439987
000000507671
000000149571
000000467091
000000342718
000000305476
000000001011
000000501263
000000297191
000000061526
000000288948
000000498493
000000564088
000000368348
000000235466
000000042387
000000563797
000000443984
000000543112
000000233434
000000050636
000000183405
000000270723
000000062687
000000388135
000000003293
000000467062
000000519936
000000285089
000000006005
000000580813
000000142014
000000265161
000000003899
000000487349
000000028889
000000141477
000000134278
000000345634
000000075258
000000256190
000000420629
000000425472
000000407289
000000328185
000000422064
000000457095
000000236370
000000401435
000000124004
000000464322
000000475660
000000542643
000000029426
000000168703
000000313951
000000493477
000000305075
000000027108
000000066369
000000133131
000000156827
000000316490
000000534468
000000574874
000000560850
000000123622
000000067647
000000005245
000000457986
000000038801
000000228004
000000052094
000000072124
000000029085
000000366788
000000035297
000000457726
000000083736
000000372357
000000533003
000000453706
000000509149
000000504024
000000484929
000000177977
000000134703
000000070059
000000115311
000000097172
000000577857
000000378911
000000501038
000000162596
000000346084
000000572804
000000075806
000000386032
000000139675
000000511852
000000374977
000000371217
000000320667
000000352828
000000043614
000000398214
000000007650
000000454477
000000256309
000000271419
000000111054
000000084996
000000172350
000000436394
000000437213
000000289573
000000266646
000000189351
000000017944
000000083029
000000254301
000000199577
000000357790
000000492325
000000179203
000000272188
000000570358
000000402757
000000301827
000000527507
000000475451
000000381251
000000251577
000000245874
000000132621
000000110616
000000086472
000000372548
000000369681
000000339100
000000220077
000000126536
000000511914
000000311031
000000326517
000000176098
000000461175
000000339227
000000537689
000000281711
000000422783
000000115749
000000495457
000000359472
000000528938
000000581566
000000521796
000000198017
000000050753
000000255532
000000482407
000000181330
000000173797
000000176479
000000449686
000000156812
000000064746
000000354978
000000463875
000000161919
000000121612
000000442638
000000402575
000000066520
000000128581
000000542930
000000098437
000000469389
000000296283
000000103759
000000219816
000000452359
000000521236
000000514881
000000430681
000000457834
000000513724
000000126651
000000002066
000000196789
000000564681
000000151911
000000426551
000000511350
000000381117
000000273607
000000240589
000000466656
000000537720
000000037030
000000317391
000000467762
000000148196
000000334098
000000315622
000000503598
000000304481
000000391258
000000395987
000000224241
000000028239
000000336749
000000460810
000000385194
000000325664
000000219527
000000020777
000000249443
000000095812
000000227000
000000029697
000000064909
000000407820
000000099619
000000012943
000000398525
000000487225
000000515202
000000049994
000000313705
000000498353
000000560307
000000096481
000000436941
000000440298
000000432461
000000570917
000000228185
000000231019
000000555109
000000050411
000000065982
000000163054
000000485776
000000411104
000000544198
000000564646
000000326700
000000085326
000000313356
000000435686
000000170751
000000516812
000000179953
000000549725
000000069293
000000279920
000000180442
000000172899
000000045966
000000553442
000000318361
000000103158
000000490505
000000357024
000000090196
000000297269
000000349393
000000277055
000000575228
000000426519
000000100975
000000408351
000000505592
000000091546
000000135206
000000319676
000000218405
000000411475
000000223256
000000481725
000000139436
000000480929
000000260448
000000419228
000000443880
000000271157
000000521667
000000337087
000000164842
000000305978
000000178156
000000533452
000000063845
000000033687
000000539067
000000300028
000000068162
000000150088
000000470068
000000442735
000000254411
000000027540
000000195797
000000023406
000000264741
000000375760
000000284365
000000282283
000000263094
000000522489
000000235914
000000069914
000000071726
000000133013
000000233948
000000315641
000000013198
000000106326
000000537513
000000548824
000000011360
000000477622
000000462798
000000389041
000000180220
000000496683
000000519089
000000537235
000000367164
000000411541
000000248732
000000478227
000000061761
000000295329
000000355987
000000341286
000000567495
000000378711
000000343322
000000415768
000000547618
000000555921
000000020904
000000080808
000000435303
000000170780
000000328810
000000093964
000000328743
000000523894
000000015110
000000422916
000000318373
000000289845
000000402531
000000551170
000000284014
000000073731
000000433554
000000126299
000000050727
000000211350
000000340993
000000521107
000000420544
000000062821
000000240038
000000171287
000000466243
000000522620
000000207739
000000071217
000000171349
000000314844
000000310435
000000199943
000000333463
000000085926
000000539259
000000579232
000000121493
000000024403
000000571865
000000133278
000000167126
000000141952
000000525180
000000520124
000000485506
000000041138
000000221094
000000255849
000000190241
000000540858
000000551888
000000192660
000000429644
000000437303
000000355667
000000370448
000000140758
000000305635
000000484175
000000264846
000000251787
000000494211
000000193047
000000485926
000000324104
000000078553
000000033116
000000029680
000000010822
000000098683
000000069052
000000347203
000000073009
000000461993
000000123777
000000417818
000000486576
000000199458
000000514683
000000105691
000000097530
000000558271
000000066087
000000523981
000000471488
000000469082
000000505986
000000127865
000000196035
000000292451
000000382715
000000448702
000000399921
000000221949
000000278921
000000199196
000000228035
000000549373
000000137634
000000010591
000000225591
000000034786
000000116334
000000032724
000000240764
000000422063
000000157486
000000135348
000000459879
000000361108
000000044065
000000084238
000000005669
000000208396
000000330993
000000124188
000000580461
000000465049
000000507147
000000329878
000000193824
000000321206
000000493484
000000564283
000000039078
000000105177
000000153460
000000427852
000000458143
000000562054
000000385425
000000576157
000000493384
000000316190
000000117991
000000308332
000000452011
000000416159
000000059106
000000054254
000000394840
000000210395
000000263650
000000434665
000000135822
000000074964
000000563898
000000553758
000000493503
000000303010
000000432622
000000325668
000000203483
000000466277
000000107424
000000305259
000000530863
000000405614
000000209015
000000459218
000000224278
000000272217
000000565077
000000272341
000000027159
000000426824
000000115331
000000375528
000000405752
000000334328
000000267927
000000520338
000000338529
000000027977
000000221909
000000280857
000000366295
000000149117
000000040557
000000529055
000000174567
000000059648
000000510638
000000502279
000000554750
000000437467
000000492678
000000126744
000000353320
000000475325
000000233395
000000294267
000000567305
000000404988
000000410599
000000371654
000000171758
000000150538
000000246409
000000272925
000000271712
000000200654
000000544893
000000349322
000000071224
000000504902
000000136145
000000104146
000000449412
000000300537
000000272430
000000384598
000000420113
000000564789
000000575202
000000178871
000000362079
000000419051
000000084427
000000175082
000000238836
000000159969
000000246478
000000201675
000000059972
000000138806
000000062589
000000259565
000000336286
000000278161
000000123117
000000100468
000000357926
000000501022
000000157279
000000302415
000000288202
000000452113
000000214563
000000446832
000000268067
000000004489
000000062250
000000420410
000000287335
000000274591
000000525344
000000152461
000000025765
000000450719
000000436564
000000059218
000000113952
000000567416
000000030383
000000402980
000000576480
000000387601
000000275837
000000220371
000000114401
000000510665
000000560262
000000208319
000000567205
000000257336
000000498940
000000005418
000000509806
000000127214
000000123836
000000286912
000000401583
000000469587
000000387153
000000362779
000000077650
000000156282
000000203257
000000486805
000000001295
000000047481
000000313948
000000133571
000000165488
000000206102
000000450004
000000358209
000000124246
000000369977
000000210731
000000480951
000000516212
000000560437
000000405582
000000437738
000000092715
000000291677
000000295370
000000009478
000000326374
000000203459
000000168569
000000412813
000000270790
000000118431
000000018563
000000497801
000000203382
000000438688
000000566737
000000486101
000000294937
000000554555
000000132795
000000119166
000000445491
000000206434
000000436975
000000068751
000000091341
000000554364
000000064621
000000078035
000000058735
000000261829
000000505132
000000120067
000000269462
000000151594
000000227207
000000414156
000000268988
000000193271
000000213399
000000316178
000000109051
000000282471
000000294176
000000359904
000000229142
000000189257
000000106834
000000431194
000000557804
000000167510
000000104758
000000067057
000000205356
000000245852
000000518511
000000197237
000000225191
000000195368
000000069675
000000511373
000000017613
000000154301
000000502232
000000089696
000000198653
000000535056
000000173688
000000051167
000000419062
000000012169
000000407348
000000348577
000000130581
000000169517
000000458778
000000150267
000000194909
000000487489
000000473260
000000518859
000000073436
000000157744
000000151832
000000013159
000000360611
000000204337
000000037709
000000014036
000000339715
000000359308
000000385005
000000349794
000000187157
000000497698
000000571821
000000373880
000000165854
000000305235
000000092928
000000266244
000000162113
000000180040
000000528951
000000217252
000000021671
000000503059
000000050939
000000075786
000000029014
000000572859
000000118061
000000070987
000000222629
000000142129
000000111840
000000323722
000000462151
000000548662
000000111182
000000524014
000000518177
000000245717
000000093264
000000575414
000000542388
000000336040
000000413942
000000530899
000000145746
000000003148
000000578974
000000524656
000000161370
000000482201
000000214119
000000110369
000000046852
000000297242
000000422785
000000133291
000000296348
000000420496
000000539797
000000236111
000000322897
000000064824
000000292905
000000397628
000000109265
000000292358
000000235976
000000283355
000000167525
000000092274
000000210434
000000345009
000000445601
000000531928
000000494122
000000456629
000000402926
000000555778
000000416668
000000382724
000000528882
000000550023
000000098832
000000363652
000000069860
000000024159
000000490286
000000041404
000000170689
000000534048
000000030589
000000293805
000000275969
000000372652
000000012805
000000230436
000000242543
000000268717
000000272741
000000128848
000000385222
000000184718
000000121448
000000144937
000000229107
000000212824
000000301405
000000121196
000000076100
000000414894
000000524601
000000030932
000000314265
000000183218
000000085817
000000089992
000000134474
000000466680
000000240423
000000442630
000000403425
000000330532
000000097892
000000513993
000000243283
000000413560
000000367706
000000466263
000000027658
000000447109
000000498614
000000293341
000000353748
000000053405
000000139409
000000370280
000000515019
000000048925
000000145113
000000145824
000000079369
000000355345
000000312051
000000452841
000000528631
000000313923
000000151235
000000299654
000000318290
000000005483
000000476335
000000018783
000000056850
000000080708
000000574271
000000544035
000000166766
000000467905
000000194352
000000030345
000000445276
000000382707
000000417265
000000384099
000000168096
000000463771
000000389914
000000207400
000000391394
000000266831
000000218647
000000091442
000000439940
000000092910
000000388821
000000338488
000000152618
000000385359
000000071936
000000414555
000000551441
000000355860
000000522191
000000314154
000000556108
000000458177
000000020825
000000182947
000000044774
000000390627
000000441013
000000110617
000000539163
000000185663
000000233868
000000194208
000000553283
000000561938
000000131661
000000204640
000000068114
000000363190
000000019239
000000201550
000000157809
000000185247
000000241214
000000431304
000000357841
000000328797
000000208067
000000357003
000000165499
000000026432
000000027272
000000026468
000000577196
000000048271
000000422161
000000251191
000000013333
000000436185
000000118450
000000086323
000000182353
000000458199
000000440715
000000461331
000000287265
000000397459
000000346343
000000034475
000000099342
000000016317
000000578467
000000472795
000000532610
000000301727
000000525693
000000389770
000000288889
000000553034
000000542426
000000442364
000000543645
000000162083
000000338746
000000393422
000000245638
000000229114
000000044277
000000024931
000000115033
000000524695
000000439326
000000319902
000000227193
000000101877
000000010472
000000017312
000000287223
000000225546
000000526597
000000402298
000000352000
000000412780
000000396623
000000008647
000000021330
000000379235
000000553549
000000134286
000000503178
000000179558
000000404066
000000118960
000000478175
000000074082
000000100669
000000394517
000000333124
000000316059
000000514294
000000445446
000000066126
000000105027
000000261273
000000066239
000000387181
000000134119
000000329030
000000145606
000000036908
000000208845
000000322707
000000145284
000000412857
000000383267
000000418854
000000570810
000000549188
000000206309
000000035525
000000275197
000000335839
000000420397
000000244056
000000172303
000000403334
000000094610
000000307033
000000411690
000000250076
000000543263
000000530384
000000315508
000000405079
000000515779
000000416729
000000401948
000000013356
000000568309
000000056190
000000533715
000000526881
000000509682
000000377416
000000362608
000000372412
000000168879
000000154616
000000078023
000000054025
000000131427
000000267189
000000552563
000000316026
000000435933
000000365703
000000061683
000000492885
000000426714
000000256806
000000435931
000000487568
000000299970
000000422479
000000327330
000000071476
000000561514
000000470256
000000349709
000000359337
000000132123
000000214873
000000578769
000000167964
000000431825
000000363593
000000229559
000000577239
000000390663
000000502553
000000386581
000000509358
000000081811
000000100910
000000267988
000000404095
000000278287
000000576247
000000163306
000000512023
000000365618
000000384328
000000163498
000000291114
000000388303
000000252411
000000261344
000000291773
000000360658
000000155937
000000487783
000000530888
000000557664
000000489093
000000504280
000000431364
000000137778
000000510063
000000202010
000000338880
000000067956
000000015684
000000208371
000000148965
000000192234
000000055859
000000242261
000000292118
000000046942
000000479376
000000578005
000000563676
000000504747
000000276575
000000047654
000000354070
000000326367
000000260994
000000328246
000000011655
000000258402
000000568272
000000441952
000000172265
000000444390
000000065024
000000099041
000000350251
000000044432
000000157708
000000022501
000000491579
000000252244
000000378846
000000458807
000000457871
000000046898
000000335914
000000381607
000000493235
000000315195
000000346121
000000374171
000000344288
000000485680
000000531552
000000368738
000000254714
000000274526
000000180794
000000357005
000000405563
000000348816
000000283097
000000228527
000000066973
000000559395
000000402264
000000168858
000000499719
000000379070
000000055753
000000087377
000000182801
000000113082
000000437948
000000573869
000000053088
000000531581
000000187187
000000410388
000000367786
000000292719
000000030429
000000416943
000000290165
000000505510
000000130949
000000183020
000000387764
000000152626
000000103667
000000313518
000000293543
000000375691
000000491131
000000276703
000000150955
000000178958
000000007729
000000551438
000000083283
000000429980
000000030133
000000294484
000000520637
000000347727
000000230000
000000215563
000000356394
000000493329
000000537512
000000555833
000000341710
000000116078
000000347755
000000221891
000000184313
000000412198
000000485731
000000011264
000000367521
000000423349
000000378672
000000070159
000000573509
000000530226
000000461902
000000447778
000000541783
000000231868
000000574242
000000517596
000000536950
000000477974
000000159465
000000360637
000000479203
000000187876
000000120782
000000452813
000000384461
000000443167
000000490860
000000427980
000000254176
000000206528
000000384168
000000173545
000000414882
000000020392
000000488367
000000023176
000000511781
000000332607
000000556391
000000245105
000000424304
000000101180
000000068179
000000403627
000000050981
000000404408
000000361920
000000288411
000000523819
000000445113
000000543090
000000310607
000000494112
000000073197
000000099247
000000106383
000000199358
000000465559
000000153901
000000325758
000000043838
000000366016
000000187090
000000486008
000000097529
000000181179
000000563233
000000004243
000000569529
000000511430
000000071881
000000095999
000000405032
000000231705
000000573778
000000084000
000000528321
000000389206
000000348793
000000078488
000000335249
000000072656
000000543354
000000234463
000000354761
000000416544
000000399178
000000521884
000000505661
000000383470
000000226383
000000577654
000000370953
000000476344
000000086435
000000494217
000000563009
000000258735
000000009218
000000269394
000000170127
000000362690
000000521471
000000500265
000000124786
000000501059
000000117289
000000401835
000000450102
000000159598
000000520852
000000262770
000000571690
000000428851
000000079268
000000154343
000000095455
000000007506
000000119938
000000204987
000000367578
000000263043
000000050246
000000531070
000000156628
000000127495
000000542070
000000378566
000000005785
000000570246
000000237495
000000512416
000000407545
000000196280
000000046883
000000200401
000000314436
000000091306
000000243090
000000467604
000000424560
000000388766
000000340220
000000506283
000000360101
000000408660
000000065336
000000576946
000000525354
000000461092
000000155012
000000047832
000000335217
000000040446
000000225174
000000096762
000000331223
000000544975
000000358391
000000323583
000000488244
000000277700
000000426355
000000079893
000000150480
000000470062
000000155131
000000325564
000000300124
000000073721
000000106003
000000078058
000000129632
000000540056
000000567754
000000184669
000000286614
000000180445
000000033765
000000522653
000000021248
000000513037
000000144906
000000042161
000000215679
000000536292
000000298135
000000435091
000000465697
000000372669
000000180239
000000218305
000000406340
000000215803
000000560055
000000334291
000000046612
000000077707
000000032068
000000282048
000000510919
000000091797
000000055443
000000029732
000000081188
000000010239
000000389107
000000246322
000000176759
000000465776
000000238827
000000092212
000000438026
000000026895
000000404596
000000314376
000000422855
000000376045
000000568974
000000336563
000000432417
000000406245
000000163101
000000051576
000000453601
000000142866
000000187196
000000044039
000000061730
000000160963
000000257796
000000304556
000000285957
000000115345
000000075299
000000174258
000000118625
000000558055
000000350879
000000580777
000000387924
000000533255
000000040606
000000472925
000000204448
000000171269
000000273445
000000449463
000000054037
000000185620
000000108472
000000575156
000000356788
000000256835
000000014297
000000541223
000000016383
000000234255
000000451003
000000465095
000000279025
000000576030
000000546762
000000568237
000000465257
000000391733
000000334658
000000039535
000000112882
000000125316
000000480787
000000045594
000000199437
000000068152
000000558798
000000383884
000000506394
000000212011
000000004394
000000487286
000000482957
000000375481
000000067779
000000081942
000000285568
000000482929
000000094355
000000171179
000000045912
000000294778
000000203460
000000031745
000000532684
000000189427
000000212688
000000099892
000000486018
000000220076
000000381350
000000073513
000000086133
000000284860
000000387678
000000133608
000000396581
000000524470
000000081743
000000036082
000000200778
000000469279
000000479593
000000042277
000000029182
000000389753
000000538857
000000087414
000000384528
000000042960
000000497960
000000372430
000000153589
000000315226
000000444272
000000574996
000000569716
000000219196
000000224164
000000111737
000000085452
000000328802
000000450634
000000480518
000000092051
000000061722
000000577343
000000205000
000000395382
000000119966
000000518455
000000311377
000000567572
000000350884
000000099421
000000296651
000000355736
000000113168
000000256337
000000404235
000000181118
000000350794
000000274556
000000070346
000000175539
000000244720
000000001149
000000184994
000000082005
000000176912
000000298203
000000016573
000000248666
000000456044
000000137260
000000244659
000000480744
000000011004
000000276894
000000110460
000000450217
000000359354
000000009843
000000273067
000000491664
000000024636
000000263734
000000174113
000000570981
000000430249
000000322634
000000268231
000000386984
000000029472
000000270274
000000448012
000000287488
000000547597
000000186578
000000389232
000000343922
000000303617
000000119909
000000415828
000000434264
000000521587
000000537335
000000379593
000000435326
000000083147
000000300928
000000297442
000000211909
000000175382
000000507028
000000047882
000000014938
000000275917
000000511136
000000387809
000000493978
000000531948
000000541314
000000185848
000000526166
000000001591
000000075185
000000025723
000000559006
000000131731
000000332498
000000576801
000000525075
000000481073
000000058107
000000000974
000000401518
000000233614
000000522160
000000358081
000000276913
000000354389
000000476493
000000211978
000000418113
000000118783
000000216063
000000253109
000000554301
000000090675
000000056323
000000562573
000000244616
000000319605
000000352125
000000543740
000000504970
000000173392
000000264396
000000484281
000000430035
000000326256
000000197090
000000310300
000000329908
000000072715
000000148994
000000126388
000000029575
000000148318
000000412142
000000112590
000000093959
000000531322
000000146186
000000409333
000000570659
000000083624
000000482371
000000439439
000000487461
000000011496
000000059385
000000090509
000000578977
000000239461
000000168963
000000473767
000000092009
000000461788
000000129599
000000273371
000000306030
000000486870
000000097914
000000347172
000000076146
000000325793
000000412301
000000334400
000000060128
000000057828
000000269986
000000005965
000000131678
000000251591
000000126936
000000558850
000000152474
000000336569
000000050609
000000479908
000000224396
000000128441
000000328295
000000497662
000000004592
000000165141
000000450414
000000299122
000000134502
000000294834
000000572754
000000026368
000000224548
000000296489
000000487064
000000079394
000000378183
000000331551
000000379749
000000569674
000000212633
000000082140
000000429228
000000537540
000000433607
000000287302
000000274574
000000311469
000000096107
000000533281
000000214295
000000493793
000000444087
000000081127
000000319914
000000015567
000000444340
000000283500
000000320926
000000043971
000000559760
000000389037
000000425746
000000484090
000000499339
000000333605
000000342483
000000384960
000000238517
000000545250
000000569450
000000381393
000000283190
000000023378
000000515376
000000420146
000000314865
000000538116
000000406514
000000110011
000000169893
000000403953
000000223203
000000269784
000000453695
000000035725
000000432675
000000534034
000000077154
000000114657
000000169331
000000048632
000000504732
000000332740
000000252759
000000250026
000000388740
000000238125
000000389974
000000251072
000000550277
000000104814
000000148274
000000330650
000000192763
000000018973
000000132249
000000140017
000000454112
000000454524
000000400538
000000366508
000000188858
000000105885
000000159240
000000180989
000000433235
000000149364
000000046441
000000249839
000000269380
000000260118
000000067752
000000447932
000000033998
000000292419
000000568895
000000344488
000000112928
000000534428
000000387355
000000205520
000000054160
000000422286
000000082787
000000257382
000000536649
000000554037
000000158053
000000031258
000000020268
000000435098
000000251219
000000051076
000000378905
000000197561
000000053315
000000234277
000000337354
000000297581
000000279012
000000447546
000000027070
000000254644
000000038321
000000349376
000000434389
000000530719
000000489476
000000147092
000000028506
000000294371
000000266366
000000084123
000000089225
000000520921
000000312718
000000216998
000000389150
000000362314
000000307379
000000342709
000000504987
000000503640
000000320089
000000018171
000000406518
000000254879
000000260716
000000260020
000000181518
000000062880
000000238018
000000349896
000000050563
000000237443
000000171235
000000352252
000000451024
000000480683
000000266569
000000538838
000000197263
000000200867
000000176283
000000491909
000000158718
000000190718
000000521059
000000262148
000000444777
000000459451
000000542778
000000260310
000000066691
000000436130
000000086239
000000311143
000000189278
000000268478
000000285214
000000581108
000000386400
000000403585
000000014160
000000033017
000000242426
000000412101
000000518601
000000361693
000000390292
000000088487
000000558542
000000391720
000000578553
000000183658
000000159427
000000251439
000000261205
000000233453
000000500281
000000272480
000000366852
000000475361
000000232127
000000574357
000000277991
000000355387
000000230936
000000030569
000000534914
000000490850
000000061782
000000405145
000000535737
000000085685
000000572206
000000440106
000000399829
000000079696
000000282574
000000209923
000000173978
000000444800
000000027451
000000419599
000000112573
000000092543
000000531970
000000433625
000000521117
000000328499
000000034301
000000239376
000000344857
000000307149
000000276343
000000035897
000000436735
000000450396
000000312343
000000167264
000000580162
000000422995
000000523262
000000375473
000000283816
000000008292
000000033698
000000120676
000000080311
000000230129
000000327664
000000575909
000000308175
000000341227
000000044911
000000175210
000000494911
000000023812
000000282198
000000553129
000000122964
000000382261
000000501758
000000547465
000000056132
000000306219
000000033167
000000510707
000000546985
000000192009
000000494445
000000346345
000000140585
000000079912
000000395259
000000450833
000000199956
000000204887
000000384326
000000416545
000000258476
000000223857
000000342323
000000398661
000000475389
000000023501
000000001907
000000464616
000000243027
000000496118
000000433168
000000079924
000000317798
000000403482
000000275781
000000067888
000000307435
000000291597
000000233079
000000137265
000000097543
000000489510
000000565128
000000488571
000000162309
000000317237
000000298327
000000203669
000000260101
000000261879
000000471332
000000072509
000000263333
000000154835
000000425815
000000534016
000000301971
000000066337
000000271930
000000379115
000000527573
000000281397
000000078716
000000170327
000000573714
000000549932
000000170045
000000014271
000000230305
000000453133
000000446974
000000185141
000000073521
000000565296
000000344935
000000036349
000000196775
000000529457
000000145073
000000537005
000000578856
000000534923
000000234956
000000494039
000000518548
000000347511
000000410932
000000327896
000000088663
000000395480
000000118401
000000417588
000000507434
000000436627
000000081571
000000215135
000000182050
000000050518
000000515670
000000533166
000000175244
000000008922
000000564566
000000447204
000000085353
000000532568
000000494473
000000214725
000000019451
000000266889
000000398494
000000515719
000000207196
000000147538
000000580255
000000202740
000000553747
000000290849
000000000597
000000244646
000000408705
000000305940
000000084168
000000526941
000000409192
000000365572
000000161218
000000549166
000000177476
000000104544
000000333688
000000135907
000000551206
000000419150
000000471946
000000027441
000000437951
000000279837
000000058242
000000200080
000000101959
000000330262
000000371839
000000032183
000000249336
000000516988
000000497297
000000392871
000000581061
000000144388
000000529475
000000264699
000000561128
000000223374
000000290354
000000536290
000000216455
000000062942
000000307866
000000163370
000000566188
000000203269
000000402710
000000052516
000000342660
000000075521
000000290967
000000340102
000000475372
000000318598
000000179969
000000358633
000000143927
000000543833
000000210480
000000085601
000000174496
000000211508
000000292901
000000147122
000000460042
000000490489
000000438446
000000292177
000000279175
000000539737
000000155262
000000387150
000000405606
000000510768
000000019874
000000543371
000000282879
000000526473
000000226249
000000419294
000000521256
000000395463
000000124654
000000370315
000000216091
000000231049
000000040187
000000263101
000000031202
000000150512
000000205193
000000431967
000000092749
000000530019
000000307583
000000012754
000000232906
000000225363
000000131416
000000363171
000000289201
000000050018
000000175943
000000417741
000000477440
000000499104
000000147505
000000038238
000000244122
000000437353
000000293524
000000397117
000000187610
000000098029
000000109506
000000064481
000000189364
000000059325
000000332543
000000222006
000000131300
000000252943
000000547846
000000222782
000000332113
000000118219
000000258174
000000535820
000000340654
000000237720
000000416125
000000251230
000000073235
000000157610
000000085803
000000185606
000000534559
000000274786
000000158169
000000004731
000000521917
000000049673
000000053900
000000523273
000000552289
000000140613
000000547645
000000059611
000000356369
000000345839
000000075527
000000342666
000000226175
000000276634
000000096183
000000255067
000000575310
000000523524
000000237214
000000054611
000000361221
000000098197
000000558764
000000190546
000000219357
000000247311
000000554892
000000219524
000000224907
000000251936
000000200817
000000225519
000000333824
000000058223
000000062716
000000386929
000000128632
000000314855
000000215569
000000274559
000000092738
000000492163
000000084959
000000218606
000000422669
000000545114
000000431146
000000301431
000000494743
000000383211
000000521334
000000090708
000000246612
000000248005
000000296524
000000193476
000000328836
000000043919
000000455435
000000129187
000000006764
000000435913
000000152425
000000256980
000000337390
000000203955
000000182369
000000351938
000000347359
000000544299
000000262986
000000406616
000000430753
000000268546
000000017751
000000440842
000000228784
000000165009
000000207913
000000328847
000000199422
000000284932
000000061635
000000403080
000000190547
000000555882
000000540670
000000312205
000000459117
000000501348
000000145179
000000429614
000000537648
000000028758
000000350077
000000080937
000000240751
000000177572
000000463019
000000346544
000000068912
000000109390
000000220306
000000163106
000000283055
000000501667
000000208871
000000293964
000000285800
000000470762
000000457373
000000183131
000000341834
000000029456
000000251229
000000485099
000000027285
000000269493
000000354863
000000227577
000000281227
000000423243
000000482237
000000183771
000000249273
000000213314
000000269168
000000372959
000000540460
000000055066
000000211882
000000252201
000000248255
000000332692
000000239338
000000306212
000000374845
000000419468
000000429990
000000110869
000000287496
000000501039
000000019534
000000295460
000000250533
000000360306
000000157918
000000443949
000000140204
000000271240
000000333303
000000097526
000000188693
000000544623
000000386958
000000509095
000000120103
000000384718
000000183611
000000365175
000000490670
000000206541
000000113638
000000226380
000000571149
000000409512
000000154209
000000270612
000000203836
000000145083
000000327529
000000476005
000000079490
000000106652
000000475546
000000281160
000000378198
000000046245
000000099192
000000451940
000000267504
000000475316
000000390087
000000228552
000000518438
000000055821
000000051342
000000272743
000000380191
000000121123
000000212381
000000188556
000000428817
000000047629
000000406004
000000347878
000000320643
000000114313
000000231450
000000058541
000000432349
000000105719
000000013662
000000422452
000000474502
000000034827
000000078610
000000063676
000000081135
000000006019
000000161084
000000008834
000000166762
000000458672
000000329152
000000490689
000000347177
000000458891
000000246032
000000052802
000000236272
000000505440
000000568717
000000092355
000000433420
000000116694
000000567863
000000233627
000000131450
000000160106
000000289428
000000090137
000000369703
000000206170
000000259728
000000327735
000000532003
000000029274
000000308507
000000486372
000000360191
000000382717
000000334631
000000318467
000000106799
000000479727
000000008314
000000477005
000000203021
000000572958
000000230175
000000318677
000000429015
000000311938
000000252724
000000024081
000000106290
000000295053
000000079083
000000307662
000000202490
000000382939
000000223622
000000230548
000000296604
000000539423
000000521867
000000011138
000000234794
000000225717
000000469119
000000124102
000000400430
000000357898
000000203870
000000235984
000000013763
000000413056
000000111694
000000349201
000000466529
000000569079
000000231161
000000348982
000000170774
000000559364
000000308251
000000521739
000000384462
000000541999
000000031798
000000551941
000000460145
000000421986
000000284910
000000471521
000000221717
000000467705
000000266336
000000067798
000000379462
000000065484
000000325505
000000205202
000000102766
000000413248
000000013414
000000263974
000000355438
000000493500
000000338987
000000317274
000000516823
000000035668
000000215691
000000158899
000000132310
000000075331
000000220685
000000405934
000000233703
000000379575
000000254911
000000555361
000000005325
000000102930
000000488030
000000400948
000000522280
000000210251
000000218215
000000167479
000000334614
000000411384
000000539851
000000568557
000000180495
000000045148
000000050992
000000427308
000000311879
000000439126
000000187001
000000010243
000000263311
000000292685
000000151699
000000265173
000000052938
000000100564
000000325362
000000323468
000000410627
000000531532
000000502517
000000063661
000000109848
000000255368
000000400274
000000338012
000000086901
000000072595
000000260910
000000177658
000000499730
000000516799
000000256565
000000385704
000000091858
000000180315
000000029525
000000240545
000000365648
000000241963
000000049073
000000339498
000000125550
000000020640
000000385305
000000490872
000000548636
000000522438
000000268251
000000200206
000000506748
000000239444
000000025853
000000409918
000000077486
000000157594
000000339550
000000531575
000000043007
000000184101
000000282707
000000057645
000000511198
000000022954
000000210761
000000260871
000000310258
000000561468
000000344672
000000220096
000000418882
000000485123
000000397675
000000571331
000000159203
000000576896
000000473044
000000053546
000000394841
000000051808
000000486905
000000251027
000000293998
000000445433
000000106397
000000257943
000000134951
000000126770
