000000567495
000000033358
000000401766
000000046211
000000321500
000000379498
000000387696
000000432744
000000067956
000000350214
000000126097
000000208371
000000267111
000000023949
000000156889
000000121534
000000352576
000000295201
000000295683
000000371260
000000193756
000000463464
000000312153
000000062057
000000559865
000000234794
000000322249
000000139296
000000557573
000000124236
000000135125
000000535977
000000043635
000000407949
000000254711
000000496847
000000181857
000000406841
000000118742
000000147122
000000355638
000000182968
000000414539
000000426470
000000339588
000000440015
000000447678
000000567287
000000409855
000000357219
000000440522
000000565257
000000297009
000000040102
000000174457
000000348019
000000232005
000000298853
000000559875
000000381251
000000064196
000000185667
000000157822
000000057361
000000453646
000000221882
000000075270
000000218208
000000261558
000000304391
000000334080
000000050609
000000000109
000000278469
000000221003
000000554066
000000050817
000000347048
000000319160
000000133688
000000339678
000000541949
000000161083
000000473159
000000230670
000000326511
000000290137
000000200024
000000463633
000000456356
000000222726
000000181920
000000296474
000000315824
000000254520
000000330919
000000024924
000000204206
000000177492
000000113315
000000405630
000000070265
000000044637
000000535506
000000380981
000000229605
000000350230
000000248372
000000282707
000000317323
000000080147
000000475510
000000459201
000000423919
000000296894
000000456602
000000528720
000000480929
000000554067
000000088433
000000064531
000000337083
000000214725
000000301746
000000069587
000000012556
000000080937
000000564043
000000100417
000000229507
000000528972
000000330094
000000079035
000000299665
000000133110
000000239315
000000557339
000000474004
000000070336
000000516268
000000053448
000000499104
000000279027
000000110881
000000489209
000000257392
000000005913
000000004904
000000472250
000000246478
000000091675
000000492351
000000547079
000000414828
000000560361
000000110596
000000538814
000000517403
000000429614
000000521361
000000352558
000000128842
000000427232
000000394880
000000028853
000000461692
000000398615
000000333048
000000158569
000000417528
000000546114
000000533003
000000467821
000000249470
000000015870
000000359872
000000309285
000000433233
000000319456
000000322557
000000013868
000000019239
000000067407
000000238887
000000210702
000000293763
000000552089
000000148400
000000087697
000000125718
000000412455
000000548583
000000497238
000000487952
000000139721
000000486388
000000450223
000000146954
000000032329
000000449177
000000514772
000000341811
000000405145
000000517805
000000481828
000000448280
000000526364
000000019447
000000215803
000000073075
000000427301
000000210012
000000482590
000000209542
000000447932
000000283278
000000313712
000000218215
000000500514
000000078035
000000241388
000000574076
000000110381
000000051070
000000229084
000000182121
000000258773
000000553827
000000223420
000000505713
000000201727
000000534975
000000301431
000000363747
000000218844
000000332913
000000042277
000000487064
000000495776
000000387678
000000074179
000000535961
000000000094
000000248610
000000016317
000000247465
000000470002
000000529842
000000043464
000000359760
000000302397
000000221427
000000284233
000000303250
000000023541
000000115086
000000492151
000000112664
000000331667
000000549563
000000033697
000000078372
000000053229
000000223902
000000172923
000000008292
000000541631
000000439423
000000346915
000000487058
000000349709
000000064089
000000502425
000000195712
000000063676
000000415944
000000557187
000000459218
000000238001
000000537553
000000017451
000000139907
000000414249
000000565716
000000017312
000000555108
000000390571
000000066800
000000511204
000000251096
000000461480
000000392154
000000544522
000000345245
000000511279
000000476795
000000505082
000000235006
000000199794
000000465613
000000386079
000000310134
000000032627
000000255575
000000027756
000000327159
000000364288
000000032990
000000400809
000000243857
000000069426
000000283761
000000540728
000000201623
000000086676
000000571236
000000431902
000000117922
000000220321
000000334658
000000091517
000000365648
000000095300
000000436564
000000579561
000000191031
000000547280
000000178361
000000173978
000000062459
000000493316
000000307359
000000112362
000000492853
000000163372
000000250827
000000430325
000000085685
000000531163
000000539448
000000337422
000000167267
000000446372
000000140813
000000450125
000000391463
000000156090
000000352841
000000119750
000000018179
000000255295
000000536619
000000036228
000000291597
000000580461
000000268737
000000204219
000000399686
000000234679
000000298112
000000197163
000000432503
000000232490
000000547387
000000333231
000000305600
000000570066
000000456528
000000167166
000000497736
000000192585
000000073040
000000035820
000000135348
000000524977
000000318850
000000466680
000000140042
000000414201
000000508634
000000507017
000000054012
000000371791
000000527925
000000562335
000000423172
000000439200
000000140661
000000053088
000000453332
000000224193
000000460126
000000429207
000000320703
000000541643
000000293252
000000561448
000000327105
000000213753
000000381416
000000074357
000000398229
000000050753
000000047936
000000203671
000000131450
000000372816
000000216324
000000323583
000000251569
000000172778
000000385026
000000459200
000000073823
000000248815
000000521059
000000059952
000000091416
000000417265
000000535676
000000215600
000000116521
000000079660
000000271760
000000519075
000000269566
000000237385
000000088988
000000298203
000000363136
000000065153
000000092355
000000212782
000000572427
000000509218
000000398175
000000359695
000000318445
000000185850
000000347865
000000403132
000000558798
000000480894
000000333430
000000198108
000000104811
000000330922
000000208024
000000489167
000000266217
000000052044
000000400200
000000280971
000000129604
000000403080
000000366461
000000172285
000000514131
000000075925
000000114327
000000554326
000000381385
000000083060
000000127865
000000232401
000000090739
000000560311
000000318677
000000269736
000000215436
000000144283
000000095520
000000463803
000000047172
000000281355
000000240955
000000051587
000000167330
000000291214
000000243912
000000110011
000000335747
000000281052
000000182369
000000244616
000000098502
000000439827
000000243021
000000518415
000000282711
000000445131
000000105660
000000420079
000000243580
000000440559
000000129436
000000465374
000000543025
000000458879
000000161370
000000334039
000000308507
000000258860
000000169330
000000324225
000000231786
000000078023
000000212646
000000434069
000000031061
000000231280
000000356060
000000177093
000000445276
000000070282
000000135057
000000338098
000000057879
000000265547
000000088613
000000534024
000000314993
000000130732
000000330741
000000579176
000000093670
000000453287
000000041938
000000237224
000000283586
000000470057
000000238018
000000047742
000000028327
000000174258
000000039406
000000059648
000000504586
000000157965
000000127050
000000189509
000000245716
000000260838
000000061674
000000146186
000000278287
000000116832
000000570358
000000144358
000000044613
000000121448
000000442630
000000196413
000000081561
000000015862
000000271604
000000530019
000000339597
000000011727
000000490496
000000228518
000000105349
000000288416
000000333368
000000503232
000000512322
000000520480
000000243962
000000461175
000000435686
000000376131
000000385042
000000057868
000000398554
000000481940
000000333708
000000367619
000000187866
000000299024
000000023019
000000353398
000000466265
000000126770
000000267008
000000518769
000000262146
000000331535
000000563898
000000191321
000000139004
000000339670
000000264940
000000324032
000000277729
000000061826
000000064342
000000581409
000000187810
000000272217
000000033146
000000143637
000000529545
000000092840
000000543895
000000182334
000000358543
000000132571
000000242100
000000464558
000000549268
000000331492
000000293545
000000297604
000000054254
000000392394
000000370229
000000328810
000000193129
000000347879
000000013948
000000577507
000000231109
000000297442
000000472426
000000290026
000000525549
000000335874
000000547597
000000344807
000000325863
000000522611
000000255368
000000368093
000000433168
000000267189
000000065610
000000192307
000000203034
000000213897
000000146881
000000546667
000000352758
000000305451
000000342323
000000349201
000000391321
000000419449
000000121016
000000079011
000000431557
000000103287
000000476125
000000380126
000000226801
000000054406
000000115088
000000237872
000000217302
000000027070
000000485945
000000266131
000000306383
000000347380
000000079530
000000011360
000000325874
000000550133
000000041984
000000424279
000000222716
000000186322
000000215755
000000205121
000000520980
000000260011
000000189605
000000479909
000000194054
000000472861
000000111737
000000531334
000000375053
000000043692
000000183247
000000417650
000000535259
000000224114
000000343279
000000253942
000000344857
000000006225
000000254301
000000525695
000000128826
000000249184
000000108240
000000271814
000000573374
000000212633
000000044250
000000107123
000000550338
000000514018
000000502700
000000211501
000000183398
000000554770
000000092674
000000371183
000000297770
000000020935
000000054160
000000098639
000000211909
000000143501
000000193271
000000576030
000000369144
000000454103
000000512254
000000075162
000000168020
000000484090
000000256731
000000373678
000000227724
000000502380
000000551316
000000453903
000000578856
000000015987
000000383730
000000471513
000000266914
000000130966
000000558741
000000464271
000000106392
000000297363
000000486686
000000431997
000000435986
000000086625
000000255770
000000577524
000000073235
000000569742
000000014175
000000246375
000000433007
000000560326
000000068532
000000494240
000000044508
000000353561
000000361991
000000209864
000000444018
000000476189
000000117674
000000254479
000000302147
000000132795
000000481760
000000339051
000000488962
000000242116
000000206583
000000079069
000000253964
000000032513
000000572110
000000313362
000000251475
000000045912
000000034570
000000331875
000000487349
000000205577
000000080445
000000571825
000000452919
000000376524
000000496683
000000200971
000000183884
000000280941
000000530384
000000346121
000000267059
000000148859
000000381122
000000258927
000000001869
000000481357
000000011294
000000143125
000000344703
000000460198
000000027175
000000063482
000000469010
000000507329
000000088652
000000399829
000000405146
000000290868
000000201241
000000358345
000000410023
000000431407
000000461634
000000264365
000000027285
000000251219
000000294943
000000453357
000000022671
000000529379
000000503598
000000419550
000000259434
000000471086
000000469743
000000344456
000000503269
000000039802
000000276763
000000439463
000000418002
000000461221
000000400417
000000307831
000000270959
000000228335
000000527995
000000309060
000000517920
000000134294
000000065515
000000576537
000000216930
000000350077
000000551427
000000560152
000000232963
000000467705
000000480683
000000106351
000000187543
000000194555
000000388487
000000171449
000000474246
000000184485
000000241261
000000121718
000000413792
000000338807
000000121997
000000244353
000000198414
000000083884
000000548822
000000212856
000000559312
000000084679
000000231338
000000468471
000000189504
000000289845
000000059691
000000515064
000000382261
000000528148
000000213932
000000085795
000000109542
000000350133
000000405456
000000096804
000000062540
000000509986
000000362498
000000022575
000000366867
000000233703
000000561622
000000181132
000000419216
000000279803
000000056852
000000377651
000000567565
000000565310
000000307981
000000067118
000000076159
000000445433
000000297859
000000358523
000000185848
000000230996
000000242426
000000556021
000000531552
000000427239
000000231719
000000044911
000000511781
000000050601
000000541999
000000564151
000000544299
000000146150
000000113150
000000193594
000000539556
000000012016
000000421791
000000106470
000000291683
000000273371
000000581501
000000325856
000000558634
000000302618
000000535820
000000363387
000000109921
000000546343
000000010175
000000030569
000000079955
000000563545
000000338057
000000334291
000000492078
000000442345
000000124419
000000049444
000000450370
000000432417
000000186933
000000114815
000000142261
000000241058
000000113276
000000306878
000000477321
000000099421
000000579999
000000312252
000000235081
000000240043
000000004760
000000374891
000000537005
000000287335
000000161749
000000544117
000000106978
000000277263
000000158876
000000115544
000000282698
000000411475
000000368731
000000380842
000000199943
000000327936
000000135978
000000553129
000000525779
000000040500
000000183701
000000494894
000000451922
000000419271
000000509402
000000574242
000000471407
000000091743
000000150908
000000508006
000000457651
000000045959
000000252373
000000264353
000000398331
000000505738
000000360101
000000155873
000000530834
000000486905
000000143948
000000058677
000000374947
000000130339
000000083770
000000500330
000000441599
000000357117
000000064884
000000258311
000000271419
000000406855
000000116746
000000562341
000000071726
000000103390
000000127286
000000173080
000000241623
000000334466
000000536615
000000506045
000000256950
000000309033
000000344893
000000379024
000000040056
000000189472
000000564270
000000026430
000000549685
000000472108
000000491154
000000059383
000000334448
000000176858
000000424326
000000520220
000000382291
000000369647
000000567495
000000033358
000000401766
000000046211
000000321500
000000379498
000000387696
000000432744
000000067956
000000350214
000000126097
000000208371
000000267111
000000023949
000000156889
000000121534
000000352576
000000295201
000000295683
000000371260
000000193756
000000463464
000000312153
000000062057
000000559865
000000234794
000000322249
000000139296
000000557573
000000124236
000000135125
000000535977
000000043635
000000407949
000000254711
000000496847
000000181857
000000406841
000000118742
000000147122
000000355638
000000182968
000000414539
000000426470
000000339588
000000440015
000000447678
000000567287
000000409855
000000357219
000000440522
000000565257
000000297009
000000040102
000000174457
000000348019
000000232005
000000298853
000000559875
000000381251
000000064196
000000185667
000000157822
000000057361
000000453646
000000221882
000000075270
000000218208
000000261558
000000304391
000000334080
000000050609
000000000109
000000278469
000000221003
000000554066
000000050817
000000347048
000000319160
000000133688
000000339678
000000541949
000000161083
000000473159
000000230670
000000326511
000000290137
000000200024
000000463633
000000456356
000000222726
000000181920
000000296474
000000315824
000000254520
000000330919
000000024924
000000204206
000000177492
000000113315
000000405630
000000070265
000000044637
000000535506
000000380981
000000229605
000000350230
000000248372
000000282707
000000317323
000000080147
000000475510
000000459201
000000423919
000000296894
000000456602
000000528720
000000480929
000000554067
000000088433
000000064531
000000337083
000000214725
000000301746
000000069587
000000012556
000000080937
000000564043
000000100417
000000229507
000000528972
000000330094
000000079035
000000299665
000000133110
000000239315
000000557339
000000474004
000000070336
000000516268
000000053448
000000499104
000000279027
000000110881
000000489209
000000257392
000000005913
000000004904
000000472250
000000246478
000000091675
000000492351
000000547079
000000414828
000000560361
000000110596
000000538814
000000517403
000000429614
000000521361
000000352558
000000128842
000000427232
000000394880
000000028853
000000461692
000000398615
000000333048
000000158569
000000417528
000000546114
000000533003
000000467821
000000249470
000000015870
000000359872
000000309285
000000433233
000000319456
000000322557
000000013868
000000019239
000000067407
000000238887
000000210702
000000293763
000000552089
000000148400
000000087697
000000125718
000000412455
000000548583
000000497238
000000487952
000000139721
000000486388
000000450223
000000146954
000000032329
000000449177
000000514772
000000341811
000000405145
000000517805
000000481828
000000448280
000000526364
000000019447
000000215803
000000073075
000000427301
000000210012
000000482590
000000209542
000000447932
000000283278
000000313712
000000218215
000000500514
000000078035
000000241388
000000574076
000000110381
000000051070
000000229084
000000182121
000000258773
000000553827
000000223420
000000505713
000000201727
000000534975
000000301431
000000363747
000000218844
000000332913
000000042277
000000487064
000000495776
000000387678
000000074179
000000535961
000000000094
000000248610
000000016317
000000247465
000000470002
000000529842
000000043464
000000359760
000000302397
000000221427
000000284233
000000303250
000000023541
000000115086
000000492151
000000112664
000000331667
000000549563
000000033697
000000078372
000000053229
000000223902
000000172923
000000008292
000000541631
000000439423
000000346915
000000487058
000000349709
000000064089
000000502425
000000195712
000000063676
000000415944
000000557187
000000459218
000000238001
000000537553
000000017451
000000139907
000000414249
000000565716
000000017312
000000555108
000000390571
000000066800
000000511204
000000251096
000000461480
000000392154
000000544522
000000345245
000000511279
000000476795
000000505082
000000235006
000000199794
000000465613
000000386079
000000310134
000000032627
000000255575
000000027756
000000327159
000000364288
000000032990
000000400809
000000243857
000000069426
000000283761
000000540728
000000201623
000000086676
000000571236
000000431902
000000117922
000000220321
000000334658
000000091517
000000365648
000000095300
000000436564
000000579561
000000191031
000000547280
000000178361
000000173978
000000062459
000000493316
000000307359
000000112362
000000492853
000000163372
000000250827
000000430325
000000085685
000000531163
000000539448
000000337422
000000167267
000000446372
000000140813
000000450125
000000391463
000000156090
000000352841
000000119750
000000018179
000000255295
000000536619
000000036228
000000291597
000000580461
000000268737
000000204219
000000399686
000000234679
000000298112
000000197163
000000432503
000000232490
000000547387
000000333231
000000305600
000000570066
000000456528
000000167166
000000497736
000000192585
000000073040
000000035820
000000135348
000000524977
000000318850
000000466680
000000140042
000000414201
000000508634
000000507017
000000054012
000000371791
000000527925
000000562335
000000423172
000000439200
000000140661
000000053088
000000453332
000000224193
000000460126
000000429207
000000320703
000000541643
000000293252
000000561448
000000327105
000000213753
000000381416
000000074357
000000398229
000000050753
000000047936
000000203671
000000131450
000000372816
000000216324
000000323583
000000251569
000000172778
000000385026
000000459200
000000073823
000000248815
000000521059
000000059952
000000091416
000000417265
000000535676
000000215600
000000116521
000000079660
000000271760
000000519075
000000269566
000000237385
000000088988
000000298203
000000363136
000000065153
000000092355
000000212782
000000572427
000000509218
000000398175
000000359695
000000318445
000000185850
000000347865
000000403132
000000558798
000000480894
000000333430
000000198108
000000104811
000000330922
000000208024
000000489167
000000266217
000000052044
000000400200
000000280971
000000129604
000000403080
000000366461
000000172285
000000514131
000000075925
000000114327
000000554326
000000381385
000000083060
000000127865
000000232401
000000090739
000000560311
000000318677
000000269736
000000215436
000000144283
000000095520
000000463803
000000047172
000000281355
000000240955
000000051587
000000167330
000000291214
000000243912
000000110011
000000335747
000000281052
000000182369
000000244616
000000098502
000000439827
000000243021
000000518415
000000282711
000000445131
000000105660
000000420079
000000243580
000000440559
000000129436
000000465374
000000543025
000000458879
000000161370
000000334039
000000308507
000000258860
000000169330
000000324225
000000231786
000000078023
000000212646
000000434069
000000031061
000000231280
000000356060
000000177093
000000445276
000000070282
000000135057
000000338098
000000057879
000000265547
000000088613
000000534024
000000314993
000000130732
000000330741
000000579176
000000093670
000000453287
000000041938
000000237224
000000283586
000000470057
000000238018
000000047742
000000028327
000000174258
000000039406
000000059648
000000504586
000000157965
000000127050
000000189509
000000245716
000000260838
000000061674
000000146186
000000278287
000000116832
000000570358
000000144358
000000044613
000000121448
000000442630
000000196413
000000081561
000000015862
000000271604
000000530019
000000339597
000000011727
000000490496
000000228518
000000105349
000000288416
000000333368
000000503232
000000512322
000000520480
000000243962
000000461175
000000435686
000000376131
000000385042
000000057868
000000398554
000000481940
000000333708
000000367619
000000187866
000000299024
000000023019
000000353398
000000466265
000000126770
000000267008
000000518769
000000262146
000000331535
000000563898
000000191321
000000139004
000000339670
000000264940
000000324032
000000277729
000000061826
000000064342
000000581409
000000187810
000000272217
000000033146
000000143637
000000529545
000000092840
000000543895
000000182334
000000358543
000000132571
000000242100
000000464558
000000549268
000000331492
000000293545
000000297604
000000054254
000000392394
000000370229
000000328810
000000193129
000000347879
000000013948
000000577507
000000231109
000000297442
000000472426
000000290026
000000525549
000000335874
000000547597
000000344807
000000325863
000000522611
000000255368
000000368093
000000433168
000000267189
000000065610
000000192307
000000203034
000000213897
000000146881
000000546667
000000352758
000000305451
000000342323
000000349201
000000391321
000000419449
000000121016
000000079011
000000431557
000000103287
000000476125
000000380126
000000226801
000000054406
000000115088
000000237872
000000217302
000000027070
000000485945
000000266131
000000306383
000000347380
000000079530
000000011360
000000325874
000000550133
000000041984
000000424279
000000222716
000000186322
000000215755
000000205121
000000520980
000000260011
000000189605
000000479909
000000194054
000000472861
000000111737
000000531334
000000375053
000000043692
000000183247
000000417650
000000535259
000000224114
000000343279
000000253942
000000344857
000000006225
000000254301
000000525695
000000128826
000000249184
000000108240
000000271814
000000573374
000000212633
000000044250
000000107123
000000550338
000000514018
000000502700
000000211501
000000183398
000000554770
000000092674
000000371183
000000297770
000000020935
000000054160
000000098639
000000211909
000000143501
000000193271
000000576030
000000369144
000000454103
000000512254
000000075162
000000168020
000000484090
000000256731
000000373678
000000227724
000000502380
000000551316
000000453903
000000578856
000000015987
000000383730
000000471513
000000266914
000000130966
000000558741
000000464271
000000106392
000000297363
000000486686
000000431997
000000435986
000000086625
000000255770
000000577524
000000073235
000000569742
000000014175
000000246375
000000433007
000000560326
000000068532
000000494240
000000044508
000000353561
000000361991
000000209864
000000444018
000000476189
000000117674
000000254479
000000302147
000000132795
000000481760
000000339051
000000488962
000000242116
000000206583
000000079069
000000253964
000000032513
000000572110
000000313362
000000251475
000000045912
000000034570
000000331875
000000487349
000000205577
000000080445
000000571825
000000452919
000000376524
000000496683
000000200971
000000183884
000000280941
000000530384
000000346121
000000267059
000000148859
000000381122
000000258927
000000001869
000000481357
000000011294
000000143125
000000344703
000000460198
000000027175
000000063482
000000469010
000000507329
000000088652
000000399829
000000405146
000000290868
000000201241
000000358345
000000410023
000000431407
000000461634
000000264365
000000027285
000000251219
000000294943
000000453357
000000022671
000000529379
000000503598
000000419550
000000259434
000000471086
000000469743
000000344456
000000503269
000000039802
000000276763
000000439463
000000418002
000000461221
000000400417
000000307831
000000270959
000000228335
000000527995
000000309060
000000517920
000000134294
000000065515
000000576537
000000216930
000000350077
000000551427
000000560152
000000232963
000000467705
000000480683
000000106351
000000187543
000000194555
000000388487
000000171449
000000474246
000000184485
000000241261
000000121718
000000413792
000000338807
000000121997
000000244353
000000198414
000000083884
000000548822
000000212856
000000559312
000000084679
000000231338
000000468471
000000189504
000000289845
000000059691
000000515064
000000382261
000000528148
000000213932
000000085795
000000109542
000000350133
000000405456
000000096804
000000062540
000000509986
000000362498
000000022575
000000366867
000000233703
000000561622
000000181132
000000419216
000000279803
000000056852
000000377651
000000567565
000000565310
000000307981
000000067118
000000076159
000000445433
000000297859
000000358523
000000185848
000000230996
000000242426
000000556021
000000531552
000000427239
000000231719
000000044911
000000511781
000000050601
000000541999
000000564151
000000544299
000000146150
000000113150
000000193594
000000539556
000000012016
000000421791
000000106470
000000291683
000000273371
000000581501
000000325856
000000558634
000000302618
000000535820
000000363387
000000109921
000000546343
000000010175
000000030569
000000079955
000000563545
000000338057
000000334291
000000492078
000000442345
000000124419
000000049444
000000450370
000000432417
000000186933
000000114815
000000142261
000000241058
000000113276
000000306878
000000477321
000000099421
000000579999
000000312252
000000235081
000000240043
000000004760
000000374891
000000537005
000000287335
000000161749
000000544117
000000106978
000000277263
000000158876
000000115544
000000282698
000000411475
000000368731
000000380842
000000199943
000000327936
000000135978
000000553129
000000525779
000000040500
000000183701
000000494894
000000451922
000000419271
000000509402
000000574242
000000471407
000000091743
000000150908
000000508006
000000457651
000000045959
000000252373
000000264353
000000398331
000000505738
000000360101
000000155873
000000530834
000000486905
000000143948
000000058677
000000374947
000000130339
000000083770
000000500330
000000441599
000000357117
000000064884
000000258311
000000271419
000000406855
000000116746
000000562341
000000071726
000000103390
000000127286
000000173080
000000241623
000000334466
000000536615
000000506045
000000256950
000000309033
000000344893
000000379024
000000040056
000000189472
000000564270
000000026430
000000549685
000000472108
000000491154
000000059383
000000334448
000000176858
000000424326
000000520220
000000382291
000000369647
000000567495
000000033358
000000401766
000000046211
000000321500
000000379498
000000387696
000000432744
000000067956
000000350214
000000126097
000000208371
000000267111
000000023949
000000156889
000000121534
000000352576
000000295201
000000295683
000000371260
000000193756
000000463464
000000312153
000000062057
000000559865
000000234794
000000322249
000000139296
000000557573
000000124236
000000135125
000000535977
000000043635
000000407949
000000254711
000000496847
000000181857
000000406841
000000118742
000000147122
000000355638
000000182968
000000414539
000000426470
000000339588
000000440015
000000447678
000000567287
000000409855
000000357219
000000440522
000000565257
000000297009
000000040102
000000174457
000000348019
000000232005
000000298853
000000559875
000000381251
000000064196
000000185667
000000157822
000000057361
000000453646
000000221882
000000075270
000000218208
000000261558
000000304391
000000334080
000000050609
000000000109
000000278469
000000221003
000000554066
000000050817
000000347048
000000319160
000000133688
000000339678
000000541949
000000161083
000000473159
000000230670
000000326511
000000290137
000000200024
000000463633
000000456356
000000222726
000000181920
000000296474
000000315824
000000254520
000000330919
000000024924
000000204206
000000177492
000000113315
000000405630
000000070265
000000044637
000000535506
000000380981
000000229605
000000350230
000000248372
000000282707
000000317323
000000080147
000000475510
000000459201
000000423919
000000296894
000000456602
000000528720
000000480929
000000554067
000000088433
000000064531
000000337083
000000214725
000000301746
000000069587
000000012556
000000080937
000000564043
000000100417
000000229507
000000528972
000000330094
000000079035
000000299665
000000133110
000000239315
000000557339
000000474004
000000070336
000000516268
000000053448
000000499104
000000279027
000000110881
000000489209
000000257392
000000005913
000000004904
000000472250
000000246478
000000091675
000000492351
000000547079
000000414828
000000560361
000000110596
000000538814
000000517403
000000429614
000000521361
000000352558
000000128842
000000427232
000000394880
000000028853
000000461692
000000398615
000000333048
000000158569
000000417528
000000546114
000000533003
000000467821
000000249470
000000015870
000000359872
000000309285
000000433233
000000319456
000000322557
000000013868
000000019239
000000067407
000000238887
000000210702
000000293763
000000552089
000000148400
000000087697
000000125718
000000412455
000000548583
000000497238
000000487952
000000139721
000000486388
000000450223
000000146954
000000032329
000000449177
000000514772
000000341811
000000405145
000000517805
000000481828
000000448280
000000526364
000000019447
000000215803
000000073075
000000427301
000000210012
000000482590
000000209542
000000447932
000000283278
000000313712
000000218215
000000500514
000000078035
000000241388
000000574076
000000110381
000000051070
000000229084
000000182121
000000258773
000000553827
000000223420
000000505713
000000201727
000000534975
000000301431
000000363747
000000218844
000000332913
000000042277
000000487064
000000495776
000000387678
000000074179
000000535961
000000000094
000000248610
000000016317
000000247465
000000470002
000000529842
000000043464
000000359760
000000302397
000000221427
000000284233
000000303250
000000023541
000000115086
000000492151
000000112664
000000331667
000000549563
000000033697
000000078372
000000053229
000000223902
000000172923
000000008292
000000541631
000000439423
000000346915
000000487058
000000349709
000000064089
000000502425
000000195712
000000063676
000000415944
000000557187
000000459218
000000238001
000000537553
000000017451
000000139907
000000414249
000000565716
000000017312
000000555108
000000390571
000000066800
000000511204
000000251096
000000461480
000000392154
000000544522
000000345245
000000511279
000000476795
000000505082
000000235006
000000199794
000000465613
000000386079
000000310134
000000032627
000000255575
000000027756
000000327159
000000364288
000000032990
000000400809
000000243857
000000069426
000000283761
000000540728
000000201623
000000086676
000000571236
000000431902
000000117922
000000220321
000000334658
000000091517
000000365648
000000095300
000000436564
000000579561
000000191031
000000547280
000000178361
000000173978
000000062459
000000493316
000000307359
000000112362
000000492853
000000163372
000000250827
000000430325
000000085685
000000531163
000000539448
000000337422
000000167267
000000446372
000000140813
000000450125
000000391463
000000156090
000000352841
000000119750
000000018179
000000255295
000000536619
000000036228
000000291597
000000580461
000000268737
000000204219
000000399686
000000234679
000000298112
000000197163
000000432503
000000232490
000000547387
000000333231
000000305600
000000570066
000000456528
000000167166
000000497736
000000192585
000000073040
000000035820
000000135348
000000524977
000000318850
000000466680
000000140042
000000414201
000000508634
000000507017
000000054012
000000371791
000000527925
000000562335
000000423172
000000439200
000000140661
000000053088
000000453332
000000224193
000000460126
000000429207
000000320703
000000541643
000000293252
000000561448
000000327105
000000213753
000000381416
000000074357
000000398229
000000050753
000000047936
000000203671
000000131450
000000372816
000000216324
000000323583
000000251569
000000172778
000000385026
000000459200
000000073823
000000248815
000000521059
000000059952
000000091416
000000417265
000000535676
000000215600
000000116521
000000079660
000000271760
000000519075
000000269566
000000237385
000000088988
000000298203
000000363136
000000065153
000000092355
000000212782
000000572427
000000509218
000000398175
000000359695
000000318445
000000185850
000000347865
000000403132
000000558798
000000480894
000000333430
000000198108
000000104811
000000330922
000000208024
000000489167
000000266217
000000052044
000000400200
000000280971
000000129604
000000403080
000000366461
000000172285
000000514131
000000075925
000000114327
000000554326
000000381385
000000083060
000000127865
000000232401
000000090739
000000560311
000000318677
000000269736
000000215436
000000144283
000000095520
000000463803
000000047172
000000281355
000000240955
000000051587
000000167330
000000291214
000000243912
000000110011
000000335747
000000281052
000000182369
000000244616
000000098502
000000439827
000000243021
000000518415
000000282711
000000445131
000000105660
000000420079
000000243580
000000440559
000000129436
000000465374
000000543025
000000458879
000000161370
000000334039
000000308507
000000258860
000000169330
000000324225
000000231786
000000078023
000000212646
000000434069
000000031061
000000231280
000000356060
000000177093
000000445276
000000070282
000000135057
000000338098
000000057879
000000265547
000000088613
000000534024
000000314993
000000130732
000000330741
000000579176
000000093670
000000453287
000000041938
000000237224
000000283586
000000470057
000000238018
000000047742
000000028327
000000174258
000000039406
000000059648
000000504586
000000157965
000000127050
000000189509
000000245716
000000260838
000000061674
000000146186
000000278287
000000116832
000000570358
000000144358
000000044613
000000121448
000000442630
000000196413
000000081561
000000015862
000000271604
000000530019
000000339597
000000011727
000000490496
000000228518
000000105349
000000288416
000000333368
000000503232
000000512322
000000520480
000000243962
000000461175
000000435686
000000376131
000000385042
000000057868
000000398554
000000481940
000000333708
000000367619
000000187866
000000299024
000000023019
000000353398
000000466265
000000126770
000000267008
000000518769
000000262146
000000331535
000000563898
000000191321
000000139004
000000339670
000000264940
000000324032
000000277729
000000061826
000000064342
000000581409
000000187810
000000272217
000000033146
000000143637
000000529545
000000092840
000000543895
000000182334
000000358543
000000132571
000000242100
000000464558
000000549268
000000331492
000000293545
000000297604
000000054254
000000392394
000000370229
000000328810
000000193129
000000347879
000000013948
000000577507
000000231109
000000297442
000000472426
000000290026
000000525549
000000335874
000000547597
000000344807
000000325863
000000522611
000000255368
000000368093
000000433168
000000267189
000000065610
000000192307
000000203034
000000213897
000000146881
000000546667
000000352758
000000305451
000000342323
000000349201
000000391321
000000419449
000000121016
000000079011
000000431557
000000103287
000000476125
000000380126
000000226801
000000054406
000000115088
000000237872
000000217302
000000027070
000000485945
000000266131
000000306383
000000347380
000000079530
000000011360
000000325874
000000550133
000000041984
000000424279
000000222716
000000186322
000000215755
000000205121
000000520980
000000260011
000000189605
000000479909
000000194054
000000472861
000000111737
000000531334
000000375053
000000043692
000000183247
000000417650
000000535259
000000224114
000000343279
000000253942
000000344857
000000006225
000000254301
000000525695
000000128826
000000249184
000000108240
000000271814
000000573374
000000212633
000000044250
000000107123
000000550338
000000514018
000000502700
000000211501
000000183398
000000554770
000000092674
000000371183
000000297770
000000020935
000000054160
000000098639
000000211909
000000143501
000000193271
000000576030
000000369144
000000454103
000000512254
000000075162
000000168020
000000484090
000000256731
000000373678
000000227724
000000502380
000000551316
000000453903
000000578856
000000015987
000000383730
000000471513
000000266914
000000130966
000000558741
000000464271
000000106392
000000297363
000000486686
000000431997
000000435986
000000086625
000000255770
000000577524
000000073235
000000569742
000000014175
000000246375
000000433007
000000560326
000000068532
000000494240
000000044508
000000353561
000000361991
000000209864
000000444018
000000476189
000000117674
000000254479
000000302147
000000132795
000000481760
000000339051
000000488962
000000242116
000000206583
000000079069
000000253964
000000032513
000000572110
000000313362
000000251475
000000045912
000000034570
000000331875
000000487349
000000205577
000000080445
000000571825
000000452919
000000376524
000000496683
000000200971
000000183884
000000280941
000000530384
000000346121
000000267059
000000148859
000000381122
000000258927
000000001869
000000481357
000000011294
000000143125
000000344703
000000460198
000000027175
000000063482
000000469010
000000507329
000000088652
000000399829
000000405146
000000290868
000000201241
000000358345
000000410023
000000431407
000000461634
000000264365
000000027285
000000251219
000000294943
000000453357
000000022671
000000529379
000000503598
000000419550
000000259434
000000471086
000000469743
000000344456
000000503269
000000039802
000000276763
000000439463
000000418002
000000461221
000000400417
000000307831
000000270959
000000228335
000000527995
000000309060
000000517920
000000134294
000000065515
000000576537
000000216930
000000350077
000000551427
000000560152
000000232963
000000467705
000000480683
000000106351
000000187543
000000194555
000000388487
000000171449
000000474246
000000184485
000000241261
000000121718
000000413792
000000338807
000000121997
000000244353
000000198414
000000083884
000000548822
000000212856
000000559312
000000084679
000000231338
000000468471
000000189504
000000289845
000000059691
000000515064
000000382261
000000528148
000000213932
000000085795
000000109542
000000350133
000000405456
000000096804
000000062540
000000509986
000000362498
000000022575
000000366867
000000233703
000000561622
000000181132
000000419216
000000279803
000000056852
000000377651
000000567565
000000565310
000000307981
000000067118
000000076159
000000445433
000000297859
000000358523
000000185848
000000230996
000000242426
000000556021
000000531552
000000427239
000000231719
000000044911
000000511781
000000050601
000000541999
000000564151
000000544299
000000146150
000000113150
000000193594
000000539556
000000012016
000000421791
000000106470
000000291683
000000273371
000000581501
000000325856
000000558634
000000302618
000000535820
000000363387
000000109921
000000546343
000000010175
000000030569
000000079955
000000563545
000000338057
000000334291
000000492078
000000442345
000000124419
000000049444
000000450370
000000432417
000000186933
000000114815
000000142261
000000241058
000000113276
000000306878
000000477321
000000099421
000000579999
000000312252
000000235081
000000240043
000000004760
000000374891
000000537005
000000287335
000000161749
000000544117
000000106978
000000277263
000000158876
000000115544
000000282698
000000411475
000000368731
000000380842
000000199943
000000327936
000000135978
000000553129
000000525779
000000040500
000000183701
000000494894
000000451922
000000419271
000000509402
000000574242
000000471407
000000091743
000000150908
000000508006
000000457651
000000045959
000000252373
000000264353
000000398331
000000505738
000000360101
000000155873
000000530834
000000486905
000000143948
000000058677
000000374947
000000130339
000000083770
000000500330
000000441599
000000357117
000000064884
000000258311
000000271419
000000406855
000000116746
000000562341
000000071726
000000103390
000000127286
000000173080
000000241623
000000334466
000000536615
000000506045
000000256950
000000309033
000000344893
000000379024
000000040056
000000189472
000000564270
000000026430
000000549685
000000472108
000000491154
000000059383
000000334448
000000176858
000000424326
000000520220
000000382291
000000369647
