000000001737
000000098693
000000478078
000000069468
000000357584
000000095651
000000360334
000000052440
000000112096
000000572784
000000078716
000000353320
000000236323
000000050753
000000258834
000000312861
000000474031
000000494217
000000580051
000000295540
000000022222
000000568425
000000477622
000000010769
000000441906
000000065208
000000318677
000000205525
000000222629
000000480861
000000063549
000000038890
000000376263
000000346121
000000317461
000000525932
000000405621
000000005184
000000388347
000000204806
000000496870
000000205917
000000092212
000000059648
000000467126
000000445338
000000308100
000000095569
000000315622
000000493004
000000300488
000000405209
000000546343
000000175359
000000201409
000000414651
000000439827
000000197273
000000177125
000000015667
000000012883
000000293524
000000478670
000000348595
000000442181
000000364665
000000170323
000000213023
000000182291
000000272773
000000403222
000000504747
000000120850
000000029839
000000119093
000000121454
000000381463
000000173893
000000316723
000000491290
000000121876
000000242885
000000119384
000000027285
000000339711
000000224164
000000090778
000000017413
000000046316
000000135735
000000266825
000000494383
000000552320
000000244784
000000551959
000000119444
000000271930
000000406855
000000115056
000000390663
000000177418
000000262756
000000028976
000000482957
000000330223
000000117064
000000023405
000000374891
000000130745
000000153064
000000574332
000000473516
000000295195
000000517597
000000288824
000000491154
000000500495
000000576413
000000522669
000000148965
000000241963
000000177419
000000562835
000000138073
000000180505
000000299212
000000294968
000000147866
000000476191
000000209346
000000329988
000000314370
000000061854
000000349201
000000541004
000000303177
000000046893
000000576247
000000465347
000000376443
000000432417
000000295057
000000461968
000000417619
000000454314
000000071099
000000561853
000000352807
000000115404
000000472226
000000563028
000000358359
000000444073
000000085803
000000557114
000000493376
000000539737
000000565878
000000244122
000000200654
000000294176
000000512757
000000518110
000000239338
000000016383
000000506673
000000535561
000000579332
000000513793
000000283054
000000310766
000000364372
000000558541
000000449384
000000439007
000000079481
000000094678
000000186842
000000057250
000000141827
000000144552
000000423909
000000530242
000000107705
000000543470
000000235200
000000070868
000000488571
000000557205
000000096107
000000475645
000000046609
000000217517
000000154289
000000313888
000000501289
000000367332
000000225363
000000437138
000000358555
000000187609
000000387616
000000168331
000000558436
000000514871
000000246409
000000152913
000000533978
000000307936
000000169217
000000352652
000000507871
000000160152
000000479195
000000295245
000000530384
000000495445
000000234352
000000264032
000000058167
000000131494
000000406068
000000533589
000000475626
000000454102
000000347727
000000130037
000000402143
000000516843
000000342377
000000563898
000000262101
000000426758
000000006692
000000055651
000000486870
000000376757
000000545114
000000241037
000000090359
000000417265
000000011276
000000145439
000000102851
000000238808
000000344385
000000484090
000000309692
000000411941
000000284805
000000324442
000000357926
000000101630
000000247311
000000485099
000000424788
000000403813
000000217131
000000074082
000000236388
000000269160
000000268737
000000510706
000000344280
000000571779
000000515107
000000136846
000000481209
000000388761
000000449902
000000462984
000000515719
000000043614
000000180095
000000333498
000000394880
000000291784
000000468243
000000069568
000000204448
000000476106
000000410627
000000482631
000000522616
000000477230
000000540978
000000253217
000000111280
000000313412
000000288610
000000026162
000000349609
000000263603
000000109506
000000084200
000000553660
000000441949
000000211675
000000472097
000000458551
000000079841
000000201406
000000486686
000000057671
000000576949
000000153907
000000045181
000000465575
000000133596
000000405226
000000576030
000000250608
000000525075
000000580797
000000518357
000000060568
000000566137
000000234516
000000032442
000000010114
000000363214
000000054294
000000045999
000000572572
000000274012
000000280765
000000550405
000000211501
000000334125
000000215691
000000055903
000000033416
000000103870
000000063974
000000031878
000000387678
000000165571
000000275413
000000461245
000000382517
000000248481
000000262933
000000285929
000000012153
000000510587
000000124466
000000214280
000000417818
000000352841
000000409616
000000198788
000000333463
000000249346
000000503683
000000134286
000000154584
000000053591
000000408243
000000023406
000000483941
000000149364
000000243287
000000264420
000000246478
000000085647
000000031604
000000553851
000000388824
000000567937
000000512572
000000345188
000000478090
000000267661
000000205504
000000525693
000000117368
000000403398
000000121322
000000564915
000000349709
000000110606
000000257323
000000287335
000000330342
000000502629
000000522938
000000066505
000000447778
000000581009
000000534633
000000296816
000000029345
000000474246
000000536426
000000287312
000000217068
000000532159
000000436564
000000265173
000000544371
000000165034
000000029091
000000079212
000000279947
000000514018
000000335411
000000291587
000000492870
000000145718
000000308555
000000281102
000000063446
000000127122
000000321308
000000154607
000000149371
000000353748
000000119600
000000185906
000000118911
000000564493
000000216569
000000098748
000000358004
000000565108
000000142413
000000347460
000000382652
000000207264
000000206309
000000356788
000000204556
000000020268
000000540564
000000289532
000000192259
000000038402
000000252000
000000123639
000000401857
000000268755
000000401040
000000464271
000000104591
000000294937
000000371106
000000442725
000000403482
000000008292
000000104537
000000077187
000000181179
000000034141
000000203702
000000434859
000000233703
000000206341
000000073832
000000385796
000000136701
000000123777
000000139892
000000017613
000000408966
000000214450
000000124236
000000480241
000000312718
000000242116
000000378720
000000184994
000000245383
000000200735
000000486163
000000021801
000000099892
000000308641
000000386890
000000455808
000000561393
000000135589
000000497160
000000303218
000000397645
000000481828
000000000753
000000241764
000000008086
000000456528
000000358685
000000558671
000000325505
000000097427
000000145952
000000526232
000000169962
000000567186
000000226585
000000308527
000000303431
000000462770
000000370266
000000321844
000000270722
000000165347
000000452341
000000357578
000000220898
000000146656
000000370738
000000387895
000000076674
000000126489
000000212181
000000185296
000000484281
000000205391
000000465404
000000453885
000000272706
000000158989
000000258020
000000032308
000000306365
000000375801
000000414156
000000572894
000000321418
000000511301
000000308507
000000021330
000000347671
000000539067
000000040187
000000387153
000000228953
000000406490
000000352444
000000514890
000000510525
000000407992
000000287839
000000425447
000000320812
000000479452
000000110484
000000312671
000000135023
000000125720
000000228541
000000453704
000000530201
000000134302
000000445601
000000294484
000000175217
000000481549
000000025797
000000030347
000000282711
000000513795
000000127559
000000349322
000000480403
000000545832
000000026165
000000577223
000000320752
000000035642
000000439071
000000403325
000000061564
000000133278
000000166940
000000055469
000000409489
000000564865
000000191632
000000508878
000000248565
000000270916
000000547435
000000086435
000000006358
000000179186
000000494466
000000358484
000000573841
000000537844
000000058472
000000222857
000000428817
000000385972
000000216805
000000444888
000000422115
000000396421
000000515210
000000307379
000000506792
000000335380
000000359314
000000298564
000000130581
000000469431
000000045746
000000070588
000000120159
000000058431
000000067255
000000235609
000000115229
000000009895
000000224907
000000420389
000000576946
000000324929
000000503255
000000225055
000000052983
000000211254
000000288592
000000542529
000000179191
000000391258
000000390991
000000077074
000000111737
000000546581
000000556986
000000199946
000000436621
000000010275
000000481571
000000516046
000000028982
000000222122
000000140585
000000522778
000000151722
000000581712
000000053016
000000012147
000000460461
000000526070
000000177950
000000460290
000000409918
000000403789
000000029914
000000264618
000000512872
000000491959
000000212688
000000493952
000000445766
000000041022
000000205625
000000186124
000000492853
000000438346
000000161749
000000312638
000000460567
000000115355
000000472643
000000380842
000000369202
000000095227
000000571246
000000201308
000000267988
000000229866
000000069675
000000515202
000000099893
000000549276
000000132795
000000349603
000000161084
000000353933
000000215826
000000442735
000000429084
000000489209
000000508567
000000291321
000000469082
000000120535
000000512911
000000181518
000000121152
000000527054
000000149449
000000324483
000000211874
000000158700
000000278461
000000259467
000000014873
000000126685
000000213895
000000191758
000000241407
000000224503
000000137118
000000501039
000000079230
000000347878
000000077926
000000181057
000000335507
000000077577
000000030518
000000233404
000000321717
000000297414
000000138095
000000231987
000000439118
000000381031
000000199422
000000163239
000000309491
000000046118
000000029592
000000143457
000000128076
000000103841
000000084158
000000052627
000000189351
000000000459
000000157199
000000418152
000000473712
000000128468
000000382261
000000312015
000000567332
000000342797
000000328120
000000308579
000000570608
000000161941
000000195837
000000062057
000000560260
000000038290
000000026409
000000480587
000000064902
000000382800
000000347380
000000223650
000000179242
000000199628
000000487225
000000453167
000000485188
000000109319
000000187978
000000201236
000000448053
000000434389
000000062459
000000375180
000000081942
000000196719
000000011552
000000002822
000000184443
000000226380
000000467300
000000570037
000000502760
000000294008
000000154363
000000295267
000000163413
000000138239
000000010138
000000122172
000000198319
000000119443
000000033297
000000426602
000000030432
000000410808
000000246530
000000040068
000000264699
000000539147
000000368746
000000416841
000000426754
000000573913
000000322392
000000487349
000000095241
000000543090
000000325966
000000354661
000000421602
000000390366
000000557334
000000214875
000000521849
000000467131
000000319685
000000393075
000000507017
000000433233
000000300445
000000215456
000000539746
000000429829
000000157811
000000316882
000000569492
000000388034
000000573981
000000187349
000000320482
000000192585
000000082740
000000111152
000000452263
000000399829
000000033888
000000228618
000000147122
000000134846
000000062716
000000054130
000000562461
000000309087
000000106144
000000018029
000000507615
000000177090
000000290967
000000475316
000000044045
000000557339
000000447345
000000335459
000000032271
000000429620
000000079104
000000540723
000000557573
000000375013
000000168053
000000330243
000000554142
000000392971
000000092335
000000051470
000000024563
000000551206
000000218546
000000377406
000000420146
000000001737
000000098693
000000478078
000000069468
000000357584
000000095651
000000360334
000000052440
000000112096
000000572784
000000078716
000000353320
000000236323
000000050753
000000258834
000000312861
000000474031
000000494217
000000580051
000000295540
000000022222
000000568425
000000477622
000000010769
000000441906
000000065208
000000318677
000000205525
000000222629
000000480861
000000063549
000000038890
000000376263
000000346121
000000317461
000000525932
000000405621
000000005184
000000388347
000000204806
000000496870
000000205917
000000092212
000000059648
000000467126
000000445338
000000308100
000000095569
000000315622
000000493004
000000300488
000000405209
000000546343
000000175359
000000201409
000000414651
000000439827
000000197273
000000177125
000000015667
000000012883
000000293524
000000478670
000000348595
000000442181
000000364665
000000170323
000000213023
000000182291
000000272773
000000403222
000000504747
000000120850
000000029839
000000119093
000000121454
000000381463
000000173893
000000316723
000000491290
000000121876
000000242885
000000119384
000000027285
000000339711
000000224164
000000090778
000000017413
000000046316
000000135735
000000266825
000000494383
000000552320
000000244784
000000551959
000000119444
000000271930
000000406855
000000115056
000000390663
000000177418
000000262756
000000028976
000000482957
000000330223
000000117064
000000023405
000000374891
000000130745
000000153064
000000574332
000000473516
000000295195
000000517597
000000288824
000000491154
000000500495
000000576413
000000522669
000000148965
000000241963
000000177419
000000562835
000000138073
000000180505
000000299212
000000294968
000000147866
000000476191
000000209346
000000329988
000000314370
000000061854
000000349201
000000541004
000000303177
000000046893
000000576247
000000465347
000000376443
000000432417
000000295057
000000461968
000000417619
000000454314
000000071099
000000561853
000000352807
000000115404
000000472226
000000563028
000000358359
000000444073
000000085803
000000557114
000000493376
000000539737
000000565878
000000244122
000000200654
000000294176
000000512757
000000518110
000000239338
000000016383
000000506673
000000535561
000000579332
000000513793
000000283054
000000310766
000000364372
000000558541
000000449384
000000439007
000000079481
000000094678
000000186842
000000057250
000000141827
000000144552
000000423909
000000530242
000000107705
000000543470
000000235200
000000070868
000000488571
000000557205
000000096107
000000475645
000000046609
000000217517
000000154289
000000313888
000000501289
000000367332
000000225363
000000437138
000000358555
000000187609
000000387616
000000168331
000000558436
000000514871
000000246409
000000152913
000000533978
000000307936
000000169217
000000352652
000000507871
000000160152
000000479195
000000295245
000000530384
000000495445
000000234352
000000264032
000000058167
000000131494
000000406068
000000533589
000000475626
000000454102
000000347727
000000130037
000000402143
000000516843
000000342377
000000563898
000000262101
000000426758
000000006692
000000055651
000000486870
000000376757
000000545114
000000241037
000000090359
000000417265
000000011276
000000145439
000000102851
000000238808
000000344385
000000484090
000000309692
000000411941
000000284805
000000324442
000000357926
000000101630
000000247311
000000485099
000000424788
000000403813
000000217131
000000074082
000000236388
000000269160
000000268737
000000510706
000000344280
000000571779
000000515107
000000136846
000000481209
000000388761
000000449902
000000462984
000000515719
000000043614
000000180095
000000333498
000000394880
000000291784
000000468243
000000069568
000000204448
000000476106
000000410627
000000482631
000000522616
000000477230
000000540978
000000253217
000000111280
000000313412
000000288610
000000026162
000000349609
000000263603
000000109506
000000084200
000000553660
000000441949
000000211675
000000472097
000000458551
000000079841
000000201406
000000486686
000000057671
000000576949
000000153907
000000045181
000000465575
000000133596
000000405226
000000576030
000000250608
000000525075
000000580797
000000518357
000000060568
000000566137
000000234516
000000032442
000000010114
000000363214
000000054294
000000045999
000000572572
000000274012
000000280765
000000550405
000000211501
000000334125
000000215691
000000055903
000000033416
000000103870
000000063974
000000031878
000000387678
000000165571
000000275413
000000461245
000000382517
000000248481
000000262933
000000285929
000000012153
000000510587
000000124466
000000214280
000000417818
000000352841
000000409616
000000198788
000000333463
000000249346
000000503683
000000134286
000000154584
000000053591
000000408243
000000023406
000000483941
000000149364
000000243287
000000264420
000000246478
000000085647
000000031604
000000553851
000000388824
000000567937
000000512572
000000345188
000000478090
000000267661
000000205504
000000525693
000000117368
000000403398
000000121322
000000564915
000000349709
000000110606
000000257323
000000287335
000000330342
000000502629
000000522938
000000066505
000000447778
000000581009
000000534633
000000296816
000000029345
000000474246
000000536426
000000287312
000000217068
000000532159
000000436564
000000265173
000000544371
000000165034
000000029091
000000079212
000000279947
000000514018
000000335411
000000291587
000000492870
000000145718
000000308555
000000281102
000000063446
000000127122
000000321308
000000154607
000000149371
000000353748
000000119600
000000185906
000000118911
000000564493
000000216569
000000098748
000000358004
000000565108
000000142413
000000347460
000000382652
000000207264
000000206309
000000356788
000000204556
000000020268
000000540564
000000289532
000000192259
000000038402
000000252000
000000123639
000000401857
000000268755
000000401040
000000464271
000000104591
000000294937
000000371106
000000442725
000000403482
000000008292
000000104537
000000077187
000000181179
000000034141
000000203702
000000434859
000000233703
000000206341
000000073832
000000385796
000000136701
000000123777
000000139892
000000017613
000000408966
000000214450
000000124236
000000480241
000000312718
000000242116
000000378720
000000184994
000000245383
000000200735
000000486163
000000021801
000000099892
000000308641
000000386890
000000455808
000000561393
000000135589
000000497160
000000303218
000000397645
000000481828
000000000753
000000241764
000000008086
000000456528
000000358685
000000558671
000000325505
000000097427
000000145952
000000526232
000000169962
000000567186
000000226585
000000308527
000000303431
000000462770
000000370266
000000321844
000000270722
000000165347
000000452341
000000357578
000000220898
000000146656
000000370738
000000387895
000000076674
000000126489
000000212181
000000185296
000000484281
000000205391
000000465404
000000453885
000000272706
000000158989
000000258020
000000032308
000000306365
000000375801
000000414156
000000572894
000000321418
000000511301
000000308507
000000021330
000000347671
000000539067
000000040187
000000387153
000000228953
000000406490
000000352444
000000514890
000000510525
000000407992
000000287839
000000425447
000000320812
000000479452
000000110484
000000312671
000000135023
000000125720
000000228541
000000453704
000000530201
000000134302
000000445601
000000294484
000000175217
000000481549
000000025797
000000030347
000000282711
000000513795
000000127559
000000349322
000000480403
000000545832
000000026165
000000577223
000000320752
000000035642
000000439071
000000403325
000000061564
000000133278
000000166940
000000055469
000000409489
000000564865
000000191632
000000508878
000000248565
000000270916
000000547435
000000086435
000000006358
000000179186
000000494466
000000358484
000000573841
000000537844
000000058472
000000222857
000000428817
000000385972
000000216805
000000444888
000000422115
000000396421
000000515210
000000307379
000000506792
000000335380
000000359314
000000298564
000000130581
000000469431
000000045746
000000070588
000000120159
000000058431
000000067255
000000235609
000000115229
000000009895
000000224907
000000420389
000000576946
000000324929
000000503255
000000225055
000000052983
000000211254
000000288592
000000542529
000000179191
000000391258
000000390991
000000077074
000000111737
000000546581
000000556986
000000199946
000000436621
000000010275
000000481571
000000516046
000000028982
000000222122
000000140585
000000522778
000000151722
000000581712
000000053016
000000012147
000000460461
000000526070
000000177950
000000460290
000000409918
000000403789
000000029914
000000264618
000000512872
000000491959
000000212688
000000493952
000000445766
000000041022
000000205625
000000186124
000000492853
000000438346
000000161749
000000312638
000000460567
000000115355
000000472643
000000380842
000000369202
000000095227
000000571246
000000201308
000000267988
000000229866
000000069675
000000515202
000000099893
000000549276
000000132795
000000349603
000000161084
000000353933
000000215826
000000442735
000000429084
000000489209
000000508567
000000291321
000000469082
000000120535
000000512911
000000181518
000000121152
000000527054
000000149449
000000324483
000000211874
000000158700
000000278461
000000259467
000000014873
000000126685
000000213895
000000191758
000000241407
000000224503
000000137118
000000501039
000000079230
000000347878
000000077926
000000181057
000000335507
000000077577
000000030518
000000233404
000000321717
000000297414
000000138095
000000231987
000000439118
000000381031
000000199422
000000163239
000000309491
000000046118
000000029592
000000143457
000000128076
000000103841
000000084158
000000052627
000000189351
000000000459
000000157199
000000418152
000000473712
000000128468
000000382261
000000312015
000000567332
000000342797
000000328120
000000308579
000000570608
000000161941
000000195837
000000062057
000000560260
000000038290
000000026409
000000480587
000000064902
000000382800
000000347380
000000223650
000000179242
000000199628
000000487225
000000453167
000000485188
000000109319
000000187978
000000201236
000000448053
000000434389
000000062459
000000375180
000000081942
000000196719
000000011552
000000002822
000000184443
000000226380
000000467300
000000570037
000000502760
000000294008
000000154363
000000295267
000000163413
000000138239
000000010138
000000122172
000000198319
000000119443
000000033297
000000426602
000000030432
000000410808
000000246530
000000040068
000000264699
000000539147
000000368746
000000416841
000000426754
000000573913
000000322392
000000487349
000000095241
000000543090
000000325966
000000354661
000000421602
000000390366
000000557334
000000214875
000000521849
000000467131
000000319685
000000393075
000000507017
000000433233
000000300445
000000215456
000000539746
000000429829
000000157811
000000316882
000000569492
000000388034
000000573981
000000187349
000000320482
000000192585
000000082740
000000111152
000000452263
000000399829
000000033888
000000228618
000000147122
000000134846
000000062716
000000054130
000000562461
000000309087
000000106144
000000018029
000000507615
000000177090
000000290967
000000475316
000000044045
000000557339
000000447345
000000335459
000000032271
000000429620
000000079104
000000540723
000000557573
000000375013
000000168053
000000330243
000000554142
000000392971
000000092335
000000051470
000000024563
000000551206
000000218546
000000377406
000000420146
000000001737
000000098693
000000478078
000000069468
000000357584
000000095651
000000360334
000000052440
000000112096
000000572784
000000078716
000000353320
000000236323
000000050753
000000258834
000000312861
000000474031
000000494217
000000580051
000000295540
000000022222
000000568425
000000477622
000000010769
000000441906
000000065208
000000318677
000000205525
000000222629
000000480861
000000063549
000000038890
000000376263
000000346121
000000317461
000000525932
000000405621
000000005184
000000388347
000000204806
000000496870
000000205917
000000092212
000000059648
000000467126
000000445338
000000308100
000000095569
000000315622
000000493004
000000300488
000000405209
000000546343
000000175359
000000201409
000000414651
000000439827
000000197273
000000177125
000000015667
000000012883
000000293524
000000478670
000000348595
000000442181
000000364665
000000170323
000000213023
000000182291
000000272773
000000403222
000000504747
000000120850
000000029839
000000119093
000000121454
000000381463
000000173893
000000316723
000000491290
000000121876
000000242885
000000119384
000000027285
000000339711
000000224164
000000090778
000000017413
000000046316
000000135735
000000266825
000000494383
000000552320
000000244784
000000551959
000000119444
000000271930
000000406855
000000115056
000000390663
000000177418
000000262756
000000028976
000000482957
000000330223
000000117064
000000023405
000000374891
000000130745
000000153064
000000574332
000000473516
000000295195
000000517597
000000288824
000000491154
000000500495
000000576413
000000522669
000000148965
000000241963
000000177419
000000562835
000000138073
000000180505
000000299212
000000294968
000000147866
000000476191
000000209346
000000329988
000000314370
000000061854
000000349201
000000541004
000000303177
000000046893
000000576247
000000465347
000000376443
000000432417
000000295057
000000461968
000000417619
000000454314
000000071099
000000561853
000000352807
000000115404
000000472226
000000563028
000000358359
000000444073
000000085803
000000557114
000000493376
000000539737
000000565878
000000244122
000000200654
000000294176
000000512757
000000518110
000000239338
000000016383
000000506673
000000535561
000000579332
000000513793
000000283054
000000310766
000000364372
000000558541
000000449384
000000439007
000000079481
000000094678
000000186842
000000057250
000000141827
000000144552
000000423909
000000530242
000000107705
000000543470
000000235200
000000070868
000000488571
000000557205
000000096107
000000475645
000000046609
000000217517
000000154289
000000313888
000000501289
000000367332
000000225363
000000437138
000000358555
000000187609
000000387616
000000168331
000000558436
000000514871
000000246409
000000152913
000000533978
000000307936
000000169217
000000352652
000000507871
000000160152
000000479195
000000295245
000000530384
000000495445
000000234352
000000264032
000000058167
000000131494
000000406068
000000533589
000000475626
000000454102
000000347727
000000130037
000000402143
000000516843
000000342377
000000563898
000000262101
000000426758
000000006692
000000055651
000000486870
000000376757
000000545114
000000241037
000000090359
000000417265
000000011276
000000145439
000000102851
000000238808
000000344385
000000484090
000000309692
000000411941
000000284805
000000324442
000000357926
000000101630
000000247311
000000485099
000000424788
000000403813
000000217131
000000074082
000000236388
000000269160
000000268737
000000510706
000000344280
000000571779
000000515107
000000136846
000000481209
000000388761
000000449902
000000462984
000000515719
000000043614
000000180095
000000333498
000000394880
000000291784
000000468243
000000069568
000000204448
000000476106
000000410627
000000482631
000000522616
000000477230
000000540978
000000253217
000000111280
000000313412
000000288610
000000026162
000000349609
000000263603
000000109506
000000084200
000000553660
000000441949
000000211675
000000472097
000000458551
000000079841
000000201406
000000486686
000000057671
000000576949
000000153907
000000045181
000000465575
000000133596
000000405226
000000576030
000000250608
000000525075
000000580797
000000518357
000000060568
000000566137
000000234516
000000032442
000000010114
000000363214
000000054294
000000045999
000000572572
000000274012
000000280765
000000550405
000000211501
000000334125
000000215691
000000055903
000000033416
000000103870
000000063974
000000031878
000000387678
000000165571
000000275413
000000461245
000000382517
000000248481
000000262933
000000285929
000000012153
000000510587
000000124466
000000214280
000000417818
000000352841
000000409616
000000198788
000000333463
000000249346
000000503683
000000134286
000000154584
000000053591
000000408243
000000023406
000000483941
000000149364
000000243287
000000264420
000000246478
000000085647
000000031604
000000553851
000000388824
000000567937
000000512572
000000345188
000000478090
000000267661
000000205504
000000525693
000000117368
000000403398
000000121322
000000564915
000000349709
000000110606
000000257323
000000287335
000000330342
000000502629
000000522938
000000066505
000000447778
000000581009
000000534633
000000296816
000000029345
000000474246
000000536426
000000287312
000000217068
000000532159
000000436564
000000265173
000000544371
000000165034
000000029091
000000079212
000000279947
000000514018
000000335411
000000291587
000000492870
000000145718
000000308555
000000281102
000000063446
000000127122
000000321308
000000154607
000000149371
000000353748
000000119600
000000185906
000000118911
000000564493
000000216569
000000098748
000000358004
000000565108
000000142413
000000347460
000000382652
000000207264
000000206309
000000356788
000000204556
000000020268
000000540564
000000289532
000000192259
000000038402
000000252000
000000123639
000000401857
000000268755
000000401040
000000464271
000000104591
000000294937
000000371106
000000442725
000000403482
000000008292
000000104537
000000077187
000000181179
000000034141
000000203702
000000434859
000000233703
000000206341
000000073832
000000385796
000000136701
000000123777
000000139892
000000017613
000000408966
000000214450
000000124236
000000480241
000000312718
000000242116
000000378720
000000184994
000000245383
000000200735
000000486163
000000021801
000000099892
000000308641
000000386890
000000455808
000000561393
000000135589
000000497160
000000303218
000000397645
000000481828
000000000753
000000241764
000000008086
000000456528
000000358685
000000558671
000000325505
000000097427
000000145952
000000526232
000000169962
000000567186
000000226585
000000308527
000000303431
000000462770
000000370266
000000321844
000000270722
000000165347
000000452341
000000357578
000000220898
000000146656
000000370738
000000387895
000000076674
000000126489
000000212181
000000185296
000000484281
000000205391
000000465404
000000453885
000000272706
000000158989
000000258020
000000032308
000000306365
000000375801
000000414156
000000572894
000000321418
000000511301
000000308507
000000021330
000000347671
000000539067
000000040187
000000387153
000000228953
000000406490
000000352444
000000514890
000000510525
000000407992
000000287839
000000425447
000000320812
000000479452
000000110484
000000312671
000000135023
000000125720
000000228541
000000453704
000000530201
000000134302
000000445601
000000294484
000000175217
000000481549
000000025797
000000030347
000000282711
000000513795
000000127559
000000349322
000000480403
000000545832
000000026165
000000577223
000000320752
000000035642
000000439071
000000403325
000000061564
000000133278
000000166940
000000055469
000000409489
000000564865
000000191632
000000508878
000000248565
000000270916
000000547435
000000086435
000000006358
000000179186
000000494466
000000358484
000000573841
000000537844
000000058472
000000222857
000000428817
000000385972
000000216805
000000444888
000000422115
000000396421
000000515210
000000307379
000000506792
000000335380
000000359314
000000298564
000000130581
000000469431
000000045746
000000070588
000000120159
000000058431
000000067255
000000235609
000000115229
000000009895
000000224907
000000420389
000000576946
000000324929
000000503255
000000225055
000000052983
000000211254
000000288592
000000542529
000000179191
000000391258
000000390991
000000077074
000000111737
000000546581
000000556986
000000199946
000000436621
000000010275
000000481571
000000516046
000000028982
000000222122
000000140585
000000522778
000000151722
000000581712
000000053016
000000012147
000000460461
000000526070
000000177950
000000460290
000000409918
000000403789
000000029914
000000264618
000000512872
000000491959
000000212688
000000493952
000000445766
000000041022
000000205625
000000186124
000000492853
000000438346
000000161749
000000312638
000000460567
000000115355
000000472643
000000380842
000000369202
000000095227
000000571246
000000201308
000000267988
000000229866
000000069675
000000515202
000000099893
000000549276
000000132795
000000349603
000000161084
000000353933
000000215826
000000442735
000000429084
000000489209
000000508567
000000291321
000000469082
000000120535
000000512911
000000181518
000000121152
000000527054
000000149449
000000324483
000000211874
000000158700
000000278461
000000259467
000000014873
000000126685
000000213895
000000191758
000000241407
000000224503
000000137118
000000501039
000000079230
000000347878
000000077926
000000181057
000000335507
000000077577
000000030518
000000233404
000000321717
000000297414
000000138095
000000231987
000000439118
000000381031
000000199422
000000163239
000000309491
000000046118
000000029592
000000143457
000000128076
000000103841
000000084158
000000052627
000000189351
000000000459
000000157199
000000418152
000000473712
000000128468
000000382261
000000312015
000000567332
000000342797
000000328120
000000308579
000000570608
000000161941
000000195837
000000062057
000000560260
000000038290
000000026409
000000480587
000000064902
000000382800
000000347380
000000223650
000000179242
000000199628
000000487225
000000453167
000000485188
000000109319
000000187978
000000201236
000000448053
000000434389
000000062459
000000375180
000000081942
000000196719
000000011552
000000002822
000000184443
000000226380
000000467300
000000570037
000000502760
000000294008
000000154363
000000295267
000000163413
000000138239
000000010138
000000122172
000000198319
000000119443
000000033297
000000426602
000000030432
000000410808
000000246530
000000040068
000000264699
000000539147
000000368746
000000416841
000000426754
000000573913
000000322392
000000487349
000000095241
000000543090
000000325966
000000354661
000000421602
000000390366
000000557334
000000214875
000000521849
000000467131
000000319685
000000393075
000000507017
000000433233
000000300445
000000215456
000000539746
000000429829
000000157811
000000316882
000000569492
000000388034
000000573981
000000187349
000000320482
000000192585
000000082740
000000111152
000000452263
000000399829
000000033888
000000228618
000000147122
000000134846
000000062716
000000054130
000000562461
000000309087
000000106144
000000018029
000000507615
000000177090
000000290967
000000475316
000000044045
000000557339
000000447345
000000335459
000000032271
000000429620
000000079104
000000540723
000000557573
000000375013
000000168053
000000330243
000000554142
000000392971
000000092335
000000051470
000000024563
000000551206
000000218546
000000377406
000000420146
000000001737
000000098693
000000478078
000000069468
000000357584
000000095651
000000360334
000000052440
000000112096
000000572784
000000078716
000000353320
000000236323
000000050753
000000258834
000000312861
000000474031
000000494217
000000580051
000000295540
000000022222
000000568425
000000477622
000000010769
000000441906
000000065208
000000318677
000000205525
000000222629
000000480861
000000063549
000000038890
000000376263
000000346121
000000317461
000000525932
000000405621
000000005184
000000388347
000000204806
000000496870
000000205917
000000092212
000000059648
000000467126
000000445338
000000308100
000000095569
000000315622
000000493004
000000300488
000000405209
000000546343
000000175359
000000201409
000000414651
000000439827
000000197273
000000177125
000000015667
000000012883
000000293524
000000478670
000000348595
000000442181
000000364665
000000170323
000000213023
000000182291
000000272773
000000403222
000000504747
000000120850
000000029839
000000119093
000000121454
000000381463
000000173893
000000316723
000000491290
000000121876
000000242885
000000119384
000000027285
000000339711
000000224164
000000090778
000000017413
000000046316
000000135735
000000266825
000000494383
000000552320
000000244784
000000551959
000000119444
000000271930
000000406855
000000115056
000000390663
000000177418
000000262756
000000028976
000000482957
000000330223
000000117064
000000023405
000000374891
000000130745
000000153064
000000574332
000000473516
000000295195
000000517597
000000288824
000000491154
000000500495
000000576413
000000522669
000000148965
000000241963
000000177419
000000562835
000000138073
000000180505
000000299212
000000294968
000000147866
000000476191
000000209346
000000329988
000000314370
000000061854
000000349201
000000541004
000000303177
000000046893
000000576247
000000465347
000000376443
000000432417
000000295057
000000461968
000000417619
000000454314
000000071099
000000561853
000000352807
000000115404
000000472226
000000563028
000000358359
000000444073
000000085803
000000557114
000000493376
000000539737
000000565878
000000244122
000000200654
000000294176
000000512757
000000518110
000000239338
000000016383
000000506673
000000535561
000000579332
000000513793
000000283054
000000310766
000000364372
000000558541
000000449384
000000439007
000000079481
000000094678
000000186842
000000057250
000000141827
000000144552
000000423909
000000530242
000000107705
000000543470
000000235200
000000070868
000000488571
000000557205
000000096107
000000475645
000000046609
000000217517
000000154289
000000313888
000000501289
000000367332
000000225363
000000437138
000000358555
000000187609
000000387616
000000168331
000000558436
000000514871
000000246409
000000152913
000000533978
000000307936
000000169217
000000352652
000000507871
000000160152
000000479195
000000295245
000000530384
000000495445
000000234352
000000264032
000000058167
000000131494
000000406068
000000533589
000000475626
000000454102
000000347727
000000130037
000000402143
000000516843
000000342377
000000563898
000000262101
000000426758
000000006692
000000055651
000000486870
000000376757
000000545114
000000241037
000000090359
000000417265
000000011276
000000145439
000000102851
000000238808
000000344385
000000484090
000000309692
000000411941
000000284805
000000324442
000000357926
000000101630
000000247311
000000485099
000000424788
000000403813
000000217131
000000074082
000000236388
000000269160
000000268737
000000510706
000000344280
000000571779
000000515107
000000136846
000000481209
000000388761
000000449902
000000462984
000000515719
000000043614
000000180095
000000333498
000000394880
000000291784
000000468243
000000069568
000000204448
000000476106
000000410627
000000482631
000000522616
000000477230
000000540978
000000253217
000000111280
000000313412
000000288610
000000026162
000000349609
000000263603
000000109506
000000084200
000000553660
000000441949
000000211675
000000472097
000000458551
000000079841
000000201406
000000486686
000000057671
000000576949
000000153907
000000045181
000000465575
000000133596
000000405226
000000576030
000000250608
000000525075
000000580797
000000518357
000000060568
000000566137
000000234516
000000032442
000000010114
000000363214
000000054294
000000045999
000000572572
000000274012
000000280765
000000550405
000000211501
000000334125
000000215691
000000055903
000000033416
000000103870
000000063974
000000031878
000000387678
000000165571
000000275413
000000461245
000000382517
000000248481
000000262933
000000285929
000000012153
000000510587
000000124466
000000214280
000000417818
000000352841
000000409616
000000198788
000000333463
000000249346
000000503683
000000134286
000000154584
000000053591
000000408243
000000023406
000000483941
000000149364
000000243287
000000264420
000000246478
000000085647
000000031604
000000553851
000000388824
000000567937
000000512572
000000345188
000000478090
000000267661
000000205504
000000525693
000000117368
000000403398
000000121322
000000564915
000000349709
000000110606
000000257323
000000287335
000000330342
000000502629
000000522938
000000066505
000000447778
000000581009
000000534633
000000296816
000000029345
000000474246
000000536426
000000287312
000000217068
000000532159
000000436564
000000265173
000000544371
000000165034
000000029091
000000079212
000000279947
000000514018
000000335411
000000291587
000000492870
000000145718
000000308555
000000281102
000000063446
000000127122
000000321308
000000154607
000000149371
000000353748
000000119600
000000185906
000000118911
000000564493
000000216569
000000098748
000000358004
000000565108
000000142413
000000347460
000000382652
000000207264
000000206309
000000356788
000000204556
000000020268
000000540564
000000289532
000000192259
000000038402
000000252000
000000123639
000000401857
000000268755
000000401040
000000464271
000000104591
000000294937
000000371106
000000442725
000000403482
000000008292
000000104537
000000077187
000000181179
000000034141
000000203702
000000434859
000000233703
000000206341
000000073832
000000385796
000000136701
000000123777
000000139892
000000017613
000000408966
000000214450
000000124236
000000480241
000000312718
000000242116
000000378720
000000184994
000000245383
000000200735
000000486163
000000021801
000000099892
000000308641
000000386890
000000455808
000000561393
000000135589
000000497160
000000303218
000000397645
000000481828
000000000753
000000241764
000000008086
000000456528
000000358685
000000558671
000000325505
000000097427
000000145952
000000526232
000000169962
000000567186
000000226585
000000308527
000000303431
000000462770
000000370266
000000321844
000000270722
000000165347
000000452341
000000357578
000000220898
000000146656
000000370738
000000387895
000000076674
000000126489
000000212181
000000185296
000000484281
000000205391
000000465404
000000453885
000000272706
000000158989
000000258020
000000032308
000000306365
