000000124594
000000211874
000000528067
000000563404
000000194676
000000226380
000000406068
000000228618
000000481467
000000330243
000000034827
000000515202
000000513609
000000374498
000000388761
000000199628
000000256403
000000533978
000000036228
000000483646
000000160214
000000013176
000000562461
000000339403
000000103447
000000451621
000000309692
000000051328
000000467774
000000492325
000000084192
000000421602
000000445338
000000300488
000000487225
000000006358
000000442857
000000522669
000000145439
000000453601
000000310325
000000537512
000000500902
000000345194
000000223577
000000316723
000000365116
000000381626
000000544371
000000493581
000000475626
000000085647
000000506617
000000577169
000000473516
000000328301
000000020904
000000512140
000000568947
000000039012
000000100417
000000572572
000000255425
000000183233
000000268755
000000407545
000000344488
000000093604
000000052440
000000306365
000000515210
000000500139
000000376366
000000154607
000000048728
000000518110
000000115355
000000088325
000000034193
000000254911
000000511781
000000088335
000000084200
000000360101
000000399829
000000179727
000000230507
000000120850
000000212688
000000384302
000000341899
000000201236
000000556986
000000542488
000000529842
000000181179
000000412525
000000420146
000000565108
000000217131
000000325362
000000230838
000000209346
000000184994
000000168331
000000557119
000000432417
000000434389
000000452737
000000318722
000000058174
000000491505
000000246530
000000121322
000000310766
000000137045
000000278823
000000154616
000000367619
000000392971
000000453332
000000464271
000000120159
000000057250
000000218964
000000216569
000000082815
000000371054
000000557246
000000373461
000000402167
000000575873
000000184443
000000424823
000000109921
000000214450
000000441906
000000265161
000000493952
000000204806
000000137371
000000461245
000000098864
000000139907
000000275695
000000230137
000000578788
000000358345
000000507908
000000008086
000000304493
000000189015
000000249346
000000181867
000000394149
000000521849
000000453167
000000185777
000000257379
000000401362
000000536795
000000523529
000000071726
000000468722
000000009113
000000187469
000000016383
000000560260
000000268737
000000101736
000000026162
000000303431
000000177125
000000467131
000000226517
000000174457
000000037282
000000414482
000000257773
000000207264
000000335507
000000252000
000000247311
000000449902
000000336492
000000353748
000000572784
000000217886
000000085803
000000526732
000000510342
000000099970
000000465404
000000206791
000000084591
000000226544
000000417265
000000244122
000000570128
000000558541
000000559484
000000557339
000000205504
000000080821
000000567332
000000141232
000000454314
000000123639
000000327047
000000435466
000000465327
000000155231
000000119093
000000177950
000000390559
000000319038
000000332732
000000422161
000000279947
000000097733
000000107072
000000349609
000000214725
000000354661
000000439827
000000035642
000000342797
000000473728
000000381008
000000525693
000000076100
000000055903
000000090359
000000063486
000000502425
000000063856
000000482631
000000478078
000000413277
000000337962
000000484090
000000306800
000000027352
000000221966
000000543470
000000148965
000000211501
000000410627
000000408966
000000106351
000000264618
000000346121
000000161084
000000558798
000000520343
000000444073
000000375013
000000373439
000000200654
000000494466
000000318677
000000217938
000000157279
000000378448
000000002822
000000102851
000000308100
000000272480
000000426595
000000096107
000000016076
000000248565
000000079230
000000542112
000000211002
000000382652
000000339790
000000500515
000000206066
000000254003
000000325505
000000537844
000000233404
000000284805
000000236388
000000222948
000000478962
000000106144
000000469786
000000467126
000000029345
000000542529
000000114419
000000160152
000000231614
000000411941
000000114035
000000214507
000000367332
000000352652
000000443391
000000134286
000000014396
000000272217
000000465545
000000488657
000000097159
000000270098
000000359314
000000150267
000000163041
000000137666
000000439118
000000238808
000000103114
000000274012
000000119666
000000562835
000000308507
000000353398
000000083214
000000053898
000000418300
000000145587
000000217509
000000049517
000000195317
000000119444
000000262101
000000032271
000000312015
000000080231
000000015667
000000295245
000000393075
000000344385
000000316882
000000123306
000000516046
000000471238
000000271930
000000063549
000000241764
000000561393
000000581486
000000412545
000000423935
000000001869
000000540564
000000005946
000000054294
000000321355
000000462770
000000110606
000000540858
000000349400
000000289532
000000374891
000000442735
000000044017
000000181518
000000152764
000000287335
000000249936
000000352841
000000078410
000000564915
000000480587
000000143457
000000227003
000000442725
000000436564
000000556482
000000145952
000000250564
000000327159
000000288513
000000141477
000000364665
000000437738
000000335380
000000078716
000000373683
000000378720
000000019185
000000142280
000000204887
000000060140
000000028327
000000363214
000000293524
000000429829
000000491154
000000205121
000000570608
000000017859
000000023406
000000403482
000000280484
000000542611
000000442181
000000353933
000000239461
000000223902
000000040187
000000092183
000000414651
000000140585
000000104537
000000289471
000000032947
000000580388
000000431707
000000426261
000000046316
000000533860
000000347460
000000124236
000000328862
000000453369
000000234516
000000023541
000000213895
000000426049
000000138095
000000005755
000000032699
000000349376
000000432909
000000308555
000000107776
000000223650
000000504298
000000349530
000000204767
000000353320
000000557573
000000176479
000000195860
000000540723
000000099893
000000054130
000000531860
000000456884
000000199422
000000544386
000000204448
000000347715
000000246104
000000169660
000000200735
000000267988
000000539067
000000501015
000000028982
000000006692
000000076648
000000512872
000000531967
000000018029
000000095227
000000215012
000000557023
000000345084
000000066087
000000095651
000000320964
000000560948
000000076674
000000426602
000000553851
000000049673
000000445305
000000100836
000000505539
000000132795
000000147505
000000015474
000000490160
000000008292
000000217517
000000455808
000000017312
000000121366
000000203843
000000224907
000000198319
000000271785
000000259434
000000295195
000000425447
000000134846
000000026409
000000225055
000000126489
000000488571
000000146432
000000352807
000000476599
000000343570
000000142413
000000388348
000000116562
000000275197
000000383929
000000140563
000000259467
000000576946
000000266115
000000268067
000000282707
000000195947
000000275130
000000291784
000000558107
000000313412
000000353072
000000523513
000000052712
000000149449
000000021126
000000244784
000000206705
000000537774
000000403789
000000418152
000000581437
000000051808
000000058102
000000369144
000000507615
000000201342
000000443465
000000576247
000000091670
000000436621
000000107974
000000409616
000000465005
000000242116
000000313888
000000348595
000000454102
000000077926
000000089230
000000200678
000000552320
000000321418
000000061624
000000511930
000000555800
000000358685
000000143758
000000215826
000000027285
000000028019
000000481571
000000017590
000000282711
000000525891
000000417818
000000553392
000000006520
000000104176
000000293148
000000024563
000000154584
000000550853
000000507871
000000191264
000000480683
000000139436
000000235034
000000369703
000000213023
000000382261
000000527054
000000312718
000000044580
000000258854
000000194188
000000247271
000000153064
000000398494
000000180830
000000536426
000000495199
000000094678
000000032308
000000189351
000000539147
000000473030
000000209746
000000445972
000000250311
000000121876
000000417481
000000098904
000000351081
000000267661
000000463603
000000250076
000000104591
000000350214
000000206770
000000353817
000000234388
000000261186
000000130313
000000000263
000000071023
000000343860
000000061854
000000016414
000000219338
000000186124
000000147866
000000380440
000000561818
000000317788
000000135023
000000337354
000000012153
000000408363
000000130581
000000038402
000000260257
000000301749
000000514294
000000545727
000000377008
000000296707
000000009446
000000526232
000000079104
000000065208
000000314766
000000544299
000000023774
000000418882
000000121152
000000406926
000000275642
000000543740
000000452263
000000179191
000000484281
000000381463
000000325862
000000539665
000000073832
000000165141
000000205917
000000271568
000000091942
000000033052
000000485757
000000479195
000000119384
000000480861
000000577223
000000382800
000000468243
000000068159
000000477750
000000262951
000000068203
000000299488
000000539746
000000134302
000000547435
000000030699
000000433233
000000400948
000000161337
000000447479
000000033888
000000109774
000000247700
000000522778
000000188956
000000314370
000000387678
000000512572
000000117064
000000558436
000000231905
000000044361
000000296040
000000426758
000000502760
000000534633
000000432569
000000519168
000000139892
000000254879
000000372161
000000433021
000000406490
000000358081
000000514890
000000265173
000000128215
000000047570
000000491290
000000439071
000000231381
000000264699
000000546581
000000330522
000000349201
000000258020
000000079696
000000087762
000000046609
000000119966
000000366461
000000445766
000000438346
000000050753
000000099933
000000350063
000000179186
000000545919
000000390366
000000387352
000000345188
000000051829
000000386707
000000571246
000000405621
000000329793
000000502141
000000513129
000000433992
000000517597
000000375180
000000465591
000000324188
000000246409
000000524259
000000030752
000000360179
000000003602
000000453704
000000058684
000000268848
000000058472
000000032442
000000050609
000000472861
000000347671
000000050868
000000507671
000000123777
000000282130
000000438368
000000503255
000000447778
000000357604
000000407992
000000393659
000000061992
000000318361
000000312032
000000360334
000000515107
000000110484
000000490978
000000000572
000000159203
000000324929
000000259398
000000380842
000000401857
000000453885
000000213405
000000377262
000000347727
000000409394
000000224164
000000370738
000000369721
000000069568
000000409338
000000070588
000000068740
000000038890
000000364372
000000388347
000000557334
000000135589
000000031590
000000309491
000000545526
000000322392
000000400298
000000060316
000000134819
000000401518
000000349709
000000390663
000000481209
000000550445
000000229837
000000348838
000000078642
000000016805
000000456039
000000381128
000000250608
000000116334
000000069523
000000333848
000000564865
000000214150
000000060568
000000076401
000000576030
000000117368
000000083663
000000369202
000000138239
000000141827
000000387153
000000514674
000000001014
000000495445
000000185296
000000147073
000000328512
000000059527
000000270179
000000014873
000000325966
000000312388
000000312632
000000226585
000000052627
000000150185
000000511390
000000406488
000000012529
000000507017
000000185906
000000479452
000000211675
000000160115
000000540925
000000304828
000000375801
000000335459
000000331268
000000066505
000000028239
000000497160
000000187465
000000296978
000000144250
000000534957
000000293782
000000080472
000000158700
000000433190
000000064313
000000199946
000000378905
000000406855
000000029914
000000312671
000000292499
000000510587
000000552520
000000299212
000000324764
000000246478
000000215600
000000515719
000000110217
000000182291
000000535460
000000240952
000000235681
000000312638
000000096183
000000547460
000000178168
000000403325
000000154289
000000565878
000000225634
000000307564
000000119443
000000256309
000000397897
000000476106
000000251191
000000339711
000000169217
000000381031
000000389914
000000315622
000000148568
000000131300
000000436027
000000444800
000000294008
000000578041
000000460290
000000272901
000000508567
000000373063
000000514871
000000214280
000000274556
000000118911
000000459959
000000374049
000000526070
000000499760
000000533525
000000489209
000000062716
000000151722
000000315195
000000371106
000000360637
000000330223
000000169893
000000361480
000000052849
000000552066
000000067255
000000095241
000000493376
000000009620
000000306047
000000460567
000000067207
000000235609
000000541837
000000010114
000000554037
000000503183
000000161749
000000419001
000000354469
000000012230
000000243287
000000130745
000000228953
000000134937
000000561853
000000053591
000000417619
000000493329
000000485099
000000080987
000000317461
000000320812
000000346678
000000296816
000000317439
000000456010
000000456528
000000330518
000000449384
000000374845
000000577197
000000344280
000000201622
000000159763
000000495031
000000300445
000000427252
000000452341
000000412440
000000186045
000000304867
000000204556
000000399269
000000069536
000000340317
000000217068
000000439007
000000294937
000000077187
000000193479
000000434930
000000387895
000000519112
000000557205
000000326517
000000501289
000000533589
000000092187
000000543393
000000426551
000000241963
000000132523
000000326317
000000319685
000000302361
000000538533
000000508612
000000417471
000000021779
000000127559
000000306972
000000146656
000000270722
000000407346
000000434859
000000539737
000000121454
000000287574
000000403813
000000477230
000000430122
000000501039
000000206309
000000497819
000000557315
000000383329
000000046118
000000004355
000000258834
000000064902
000000484344
000000507243
000000353881
000000353306
000000010769
000000131494
000000235200
000000391842
000000173893
000000214875
000000264420
000000555396
000000018614
000000145718
000000485300
000000419449
000000233703
000000525075
000000165750
000000192585
000000506659
000000024081
000000290153
000000456755
000000385796
000000307573
000000398523
000000144358
000000527858
000000098748
000000496870
000000368775
000000388824
000000492853
000000358484
000000295267
000000568425
000000347878
000000113315
000000113150
000000448280
000000356788
000000254520
000000091728
000000378775
000000036726
000000242543
000000423454
000000161506
000000417844
000000017413
000000152913
000000532131
000000058167
000000247871
000000177418
000000330513
000000277072
000000519874
000000218470
000000037382
000000092335
000000294484
000000030421
000000432461
000000511301
000000242885
000000486043
000000416549
000000491959
000000201727
000000395667
000000291597
000000278753
000000324116
000000576902
000000264032
000000198653
000000446614
000000549276
000000085940
000000205525
000000297414
000000518357
000000507826
000000346702
000000165571
000000476191
000000444344
000000033297
000000122172
000000278461
000000448053
000000461510
000000108430
000000295540
000000474246
000000471851
000000095124
000000030665
000000493235
000000329988
000000131126
000000402281
000000102766
000000581712
000000401393
000000088538
000000063974
000000358555
000000136652
000000287839
000000573841
000000327105
000000289040
000000212633
000000253094
000000517623
000000030518
000000384012
000000270916
000000097526
000000124466
000000559884
000000231987
000000572826
000000247338
000000355462
000000021330
000000163106
000000020268
000000133596
000000138806
000000010275
000000462345
000000460461
000000106401
000000188009
000000029592
000000320482
000000165034
000000031393
000000572894
000000288592
000000111280
000000445601
000000554066
000000394880
000000241037
000000028506
000000358359
000000357926
000000136846
000000085339
000000101157
000000144620
000000307936
000000283054
000000330256
000000182176
000000571773
000000122704
000000061515
000000181057
000000009895
000000079955
000000111737
000000068595
000000149364
000000168053
000000106383
000000320752
000000218546
000000368746
000000328120
000000576678
000000074336
000000128468
000000169448
000000286051
000000308579
000000573913
000000180505
000000206341
000000579332
000000486870
000000519565
000000465575
000000474031
000000511482
000000463211
000000377406
000000298461
000000144552
000000464214
000000375054
000000274894
000000486686
000000295057
000000119404
000000149371
000000228541
000000506673
000000450478
000000163413
000000396421
000000268659
000000439126
000000294176
000000492544
000000079212
000000519347
000000491659
000000159850
000000472097
000000334125
000000029091
000000355471
000000391258
000000300200
000000321308
000000065095
000000079841
000000554142
000000328818
000000104568
000000140661
000000564493
000000275835
000000429084
000000308599
000000125720
000000010175
000000541004
000000241407
000000530242
000000205391
000000438688
000000051990
000000061831
000000084158
000000030432
000000459401
000000472643
000000158989
000000493004
000000115229
000000576949
000000090154
000000434264
000000107011
000000424333
000000021801
000000373880
000000540978
000000563028
000000191632
000000470068
000000399703
000000147042
000000071099
000000465223
000000469431
000000483041
000000574332
000000094045
000000045959
000000440752
000000312861
000000486163
000000109506
000000053016
000000503683
000000558671
000000269394
000000269434
000000388034
000000070642
000000531552
000000012883
000000472166
000000029839
000000236323
000000175217
000000349603
000000311087
000000494383
000000437138
000000324483
000000224503
000000463611
000000472519
000000120535
000000126182
000000105177
000000566137
000000114917
000000487349
000000280857
000000308527
000000480241
000000387616
000000386958
000000106392
000000567368
000000198277
000000239338
000000339186
000000093922
000000441891
000000324936
000000174496
000000254821
000000290967
000000460029
000000192259
000000038290
000000161941
000000563898
000000533989
000000547597
000000259446
000000497698
000000135735
000000396004
000000046893
000000195837
000000426754
000000357578
000000262747
000000051470
000000492870
000000174019
000000178811
000000141468
000000030347
000000291587
000000115404
000000047512
000000482957
000000530201
000000495079
000000403222
000000180048
000000137118
000000512911
000000405145
000000093836
000000215135
000000564283
000000537335
000000215213
000000086435
000000070868
000000513793
000000115056
000000462984
000000386876
000000201409
000000222857
000000059648
000000373893
000000356181
000000060678
000000458804
000000166940
000000482929
000000028976
000000415420
000000103841
000000139970
000000400274
000000072435
000000010138
000000441949
000000303177
000000371258
000000043873
000000321717
000000211807
000000332113
000000115681
000000111152
000000497617
000000285929
000000001737
000000072338
000000465347
000000033625
000000341431
000000409918
000000461968
000000500495
000000333498
000000416841
000000251425
000000240615
000000207739
000000421791
000000136699
000000062017
000000424998
000000291028
000000518914
000000071476
000000289128
000000211254
000000376757
000000562805
000000153047
000000429614
000000146961
000000116100
000000568492
000000507334
000000428817
000000096901
000000535561
000000119600
000000578276
000000112096
000000512757
000000549373
000000022222
000000291321
000000435091
000000144167
000000165347
000000217216
000000167642
000000243280
000000506151
000000475645
000000491579
000000567937
000000444888
000000095569
000000096785
000000062057
000000120067
000000385972
000000198788
000000058431
000000344876
000000047509
000000303218
000000437353
000000444087
000000025797
000000456351
000000193481
000000069468
000000534736
000000225363
000000402143
000000055469
000000215456
000000581009
000000355603
000000015915
000000498815
000000218775
000000309139
000000087653
000000408243
000000064510
000000065781
000000401040
000000021994
000000082740
000000477622
000000551206
000000473712
000000197599
000000339550
000000532159
000000570037
000000352444
000000002782
000000153907
000000077074
000000564803
000000523034
000000550277
000000504747
000000558318
000000134167
000000012326
000000023405
000000424788
000000260464
000000126685
000000179327
000000470745
000000090778
000000234352
000000163239
000000424711
000000445607
000000414156
000000536235
000000187609
000000163125
000000066973
000000269160
000000487720
000000075818
000000288824
000000390991
000000478090
000000501651
000000157199
000000580051
000000317237
000000036218
000000467300
000000244465
000000536292
000000524677
000000149550
000000169962
000000136145
000000516868
000000550405
000000098693
000000376263
000000170323
000000177090
000000266914
000000368409
000000012147
000000569492
000000103870
000000230246
000000394663
000000158810
000000387696
000000187978
000000202990
000000341383
000000275413
000000262933
000000400257
000000513795
000000026165
000000516843
000000414819
000000087115
000000031604
000000011931
000000245383
000000252359
000000440354
000000194800
000000001709
000000061564
000000229866
000000281102
000000522938
000000307379
000000177419
000000199594
000000443689
000000157811
000000320667
000000035316
000000450117
000000324442
000000196664
000000220898
000000127122
000000106339
000000546343
000000063446
000000342377
000000486650
000000406205
000000059462
000000248481
000000133278
000000376443
000000423909
000000165833
000000011552
000000357584
000000522616
000000041022
000000420389
000000044045
000000561102
000000403398
000000361303
000000000753
000000481549
000000271058
000000090137
000000045746
000000542814
000000147122
000000397645
000000180095
000000339589
000000276506
000000533955
000000197273
000000126699
000000544719
000000330342
000000308641
000000059479
000000253740
000000478670
000000422115
000000109873
000000145311
000000048863
000000255226
000000372592
000000580797
000000093587
000000080013
000000328185
000000347380
000000187349
000000109319
000000034141
000000457133
000000201308
000000409489
000000551959
000000203702
000000045999
000000222629
000000530384
000000267225
000000321844
000000272706
000000092212
000000107705
000000480403
000000448351
000000057308
000000071965
000000294968
000000043614
000000202567
000000447345
000000199510
000000370266
000000405209
000000313820
000000571779
000000103098
000000152461
000000469082
000000335411
000000033416
000000432891
000000175359
000000107535
000000461774
000000242345
000000472925
000000333463
000000121904
000000501758
000000222122
000000510525
000000253217
000000469728
000000080916
000000288610
000000467177
000000077577
000000212181
000000496683
000000215596
000000272773
000000106652
000000152492
000000196719
000000581731
000000020398
000000018316
000000083884
000000219174
000000553660
000000472226
000000191758
000000349322
000000247114
000000430144
000000011842
000000545114
000000074082
000000066827
000000426611
000000458551
000000080517
000000090777
000000385005
000000279672
000000124803
000000017613
000000502629
000000201492
000000519089
000000005184
000000299029
000000228274
000000449904
000000136701
000000199390
000000429620
000000507570
000000031878
000000405226
000000340118
000000099892
000000052983
000000262756
000000308996
000000108859
000000024343
000000376684
000000093959
000000193271
000000062459
000000055651
000000434991
000000054003
000000485188
000000555771
000000000459
000000107604
000000179242
000000558181
000000073936
000000275443
000000040068
000000514018
000000276894
000000525932
000000418620
000000138529
000000045181
000000451234
000000081942
000000313705
000000169198
000000154301
000000188929
000000510706
000000005131
000000576413
000000431194
000000475316
000000561514
000000393508
000000057671
000000201406
000000573981
000000358004
000000266825
000000494217
000000138073
000000086147
000000298564
000000097427
000000543090
000000216805
000000200952
000000400603
000000545832
000000313787
000000176912
000000572391
000000287312
000000435931
000000016470
000000292719
000000257323
000000468604
000000368589
000000154363
000000315176
000000535977
000000263603
000000306900
000000205625
000000483941
000000508878
000000131621
000000506872
000000382517
000000011276
000000275977
000000186842
000000140648
000000410808
000000309087
000000567186
000000506792
000000120046
000000069675
000000218891
000000215691
000000280765
000000122438
000000048824
000000557114
000000128076
000000481828
000000386890
000000130037
000000115342
000000101630
000000079481
