000000099807
000000108463
000000246412
000000078929
000000329634
000000458103
000000292647
000000510552
000000055764
000000400999
000000010012
000000460055
000000392981
000000574376
000000350009
000000560472
000000083325
000000446557
000000255898
000000580146
000000142733
000000392166
000000147623
000000080117
000000461217
000000487649
000000552417
000000281959
000000075590
000000489218
000000050434
000000560530
000000465740
000000542088
000000077954
000000075199
000000088567
000000295308
000000417023
000000128830
000000382789
000000015347
000000054314
000000304493
000000354539
000000408449
000000571483
000000330719
000000230884
000000247126
000000063890
000000449914
000000341623
000000402644
000000148898
000000165012
000000425200
000000286910
000000402172
000000454199
000000128256
000000043226
000000107430
000000445695
000000144139
000000025452
000000362226
000000252994
000000450355
000000505157
000000224975
000000492548
000000037800
000000351683
000000254976
000000293554
000000558766
000000356941
000000415446
000000412062
000000502338
000000330022
000000196766
000000310015
000000045554
000000215300
000000191101
000000288169
000000291873
000000421833
000000092840
000000419904
000000198768
000000149388
000000493278
000000066537
000000515426
000000119596
000000395292
000000491384
000000424607
000000457893
000000309413
000000360660
000000203756
000000290416
000000541439
000000394729
000000356809
000000488960
000000036693
000000219487
000000177978
000000417332
000000541374
000000354832
000000468970
000000538263
000000379542
000000345634
000000451856
000000433078
000000461467
000000141760
000000437106
000000426478
000000550842
000000103539
000000308722
000000335660
000000204562
000000177193
000000391074
000000476045
000000071735
000000019783
000000434201
000000166047
000000026286
000000518124
000000225100
000000409877
000000385464
000000110089
000000429580
000000463319
000000061532
000000144618
000000243725
000000527868
000000220366
000000012349
000000445249
000000165157
000000305423
000000165986
000000332755
000000185936
000000185225
000000399626
000000036187
000000398704
000000488243
000000488697
000000130759
000000381318
000000323030
000000578805
000000017869
000000178184
000000269033
000000236093
000000166477
000000045351
000000213009
000000264572
000000369496
000000109444
000000364252
000000462845
000000098276
000000203517
000000562675
000000211707
000000481736
000000407734
000000259359
000000281168
000000253143
000000468117
000000459258
000000350070
000000013302
000000135065
000000498916
000000538637
000000551961
000000057595
000000015153
000000225891
000000213754
000000476341
000000571514
000000388512
000000225769
000000352758
000000032067
000000321494
000000235130
000000151589
000000417339
000000130886
000000157380
000000158028
000000566049
000000085048
000000385860
000000560819
000000281700
000000434526
000000014864
000000417854
000000517931
000000306281
000000349596
000000269229
000000084147
000000110136
000000084222
000000347823
000000026783
000000158583
000000355256
000000521088
000000044464
000000450902
000000306440
000000096043
000000413704
000000125727
000000042760
000000154861
000000527291
000000335047
000000033643
000000483449
000000425721
000000581921
000000302498
000000545673
000000369443
000000457274
000000379177
000000325596
000000295668
000000353435
000000232723
000000138728
000000357279
000000024106
000000405261
000000513899
000000057885
000000231778
000000368588
000000085905
000000469755
000000506316
000000327675
000000572439
000000475564
000000067729
000000358904
000000329245
000000483851
000000106644
000000009727
000000574783
000000326723
000000252905
000000358534
000000421703
000000017591
000000385154
000000020644
000000323054
000000224244
000000386333
000000421535
000000536112
000000191417
000000307768
000000145542
000000030619
000000273190
000000373569
000000267925
000000371036
000000565446
000000257965
000000516541
000000532624
000000390856
000000281371
000000300437
000000386250
000000060467
000000181481
000000571696
000000201076
000000201662
000000096046
000000395933
000000208006
000000156328
000000167006
000000347789
000000556363
000000162018
000000267014
000000229033
000000370102
000000116005
000000221343
000000320478
000000559730
000000402448
000000209304
000000492608
000000043931
000000508722
000000473994
000000189614
000000070812
000000445257
000000427118
000000339674
000000039185
000000033297
000000461517
000000181996
000000266977
000000526972
000000165792
000000241312
000000579374
000000326832
000000399668
000000425155
000000438858
000000311521
000000581572
000000506717
000000139775
000000378736
000000105685
000000416625
000000095039
000000161465
000000490087
000000495502
000000054678
000000337915
000000389352
000000050648
000000016173
000000301136
000000495929
000000434930
000000360610
000000280976
000000016292
000000463649
000000231748
000000166230
000000063860
000000206636
000000457843
000000345602
000000284920
000000004180
000000021029
000000422183
000000521943
000000324650
000000384738
000000132706
000000324400
000000026552
000000053635
000000437710
000000490405
000000569919
000000119443
000000254711
000000161381
000000460199
000000167551
000000199641
000000578387
000000022145
000000101814
000000022427
000000012147
000000099718
000000035037
000000023084
000000486994
000000184800
000000027810
000000454631
000000438186
000000549435
000000552549
000000024285
000000153827
000000271741
000000197591
000000420253
000000124812
000000148373
000000079754
000000011238
000000264460
000000007123
000000412136
000000256855
000000346812
000000144438
000000105866
000000258566
000000555896
000000110597
000000058161
000000120431
000000051680
000000462324
000000572879
000000215914
000000215565
000000205332
000000218776
000000191468
000000054479
000000091041
000000481442
000000167855
000000167683
000000433212
000000446901
000000051222
000000027050
000000020702
000000380636
000000184536
000000292386
000000028728
000000315524
000000113598
000000272262
000000354185
000000409621
000000250868
000000202275
000000194700
000000138096
000000103973
000000300321
000000209925
000000075402
000000261742
000000575349
000000232387
000000097423
000000544475
000000357015
000000519433
000000216003
000000184176
000000141236
000000058225
000000061562
000000562850
000000263699
000000412001
000000563271
000000540636
000000535289
000000460458
000000459569
000000248935
000000270947
000000270247
000000110886
000000324845
000000347331
000000550222
000000269477
000000202825
000000283743
000000284220
000000073584
000000198761
000000004711
000000045680
000000137120
000000245160
000000238857
000000047285
000000154496
000000004554
000000291286
000000005916
000000081322
000000033091
000000348076
000000207349
000000418680
000000435009
000000044327
000000265646
000000562360
000000075747
000000499239
000000023743
000000016089
000000464265
000000047394
000000449279
000000134893
000000076405
000000471783
000000259458
000000327724
000000441929
000000029312
000000240295
000000451529
000000409966
000000559966
000000294730
000000226588
000000334171
000000449119
000000353407
000000333615
000000005339
000000396793
000000199093
000000503623
000000284233
000000578023
000000117849
000000342017
000000579056
000000147371
000000441338
000000234986
000000147659
000000009885
000000240811
000000278297
000000353581
000000338910
000000457021
000000521452
000000058714
000000383620
000000406753
000000098903
000000002867
000000564489
000000335503
000000201717
000000405605
000000298949
000000236461
000000119308
000000037757
000000448824
000000194677
000000295114
000000426026
000000293674
000000315381
000000348523
000000567630
000000541082
000000036736
000000003532
000000526257
000000522365
000000365768
000000389935
000000300993
000000155245
000000349960
000000388508
000000312524
000000034207
000000110926
000000472954
000000258290
000000006651
000000134459
000000297984
000000075080
000000280670
000000142924
000000485303
000000224420
000000537369
000000438101
000000498406
000000206413
000000297520
000000347419
000000010303
000000211451
000000183805
000000567949
000000240495
000000568259
000000539617
000000032386
000000377914
000000324645
000000464359
000000103335
000000040886
000000563912
000000347133
000000478266
000000244825
000000472022
000000150797
000000036966
000000478985
000000020389
000000361397
000000516516
000000324717
000000525790
000000288662
000000382312
000000455279
000000225828
000000033645
000000312010
000000538003
000000031482
000000450599
000000138094
000000442089
000000279490
000000374934
000000387335
000000130275
000000410143
000000272048
000000392480
000000143510
000000125686
000000024571
000000386185
000000246641
000000455741
000000147760
000000513054
000000540714
000000285448
000000125552
000000520684
000000400869
000000505876
000000558642
000000496078
000000479734
000000094714
000000458184
000000501506
000000322730
000000329730
000000161958
000000194968
000000513704
000000452687
000000137085
000000084602
000000136672
000000030238
000000472393
000000028961
000000353223
000000433274
000000531396
000000462132
000000280560
000000351367
000000178207
000000157942
000000548958
000000570078
000000163985
000000252492
000000217951
000000086366
000000379820
000000420231
000000099599
000000511121
000000278646
000000019463
000000422240
000000001183
000000088360
000000127451
000000135029
000000316113
000000258040
000000301916
000000483138
000000500967
000000437297
000000260932
000000054351
000000458632
000000115419
000000327215
000000011147
000000413955
000000128615
000000013717
000000027207
000000517983
000000002567
000000212843
000000505023
000000089882
000000490688
000000489735
000000156026
000000195529
000000267329
000000268590
000000118272
000000399369
000000268406
000000037705
000000052760
000000313020
000000026905
000000415569
000000516595
000000343002
000000578063
000000144436
000000274240
000000012902
000000009760
000000016796
000000365220
000000101065
000000409025
000000288174
000000122436
000000143792
000000191175
000000249086
000000554070
000000013670
000000494456
000000426578
000000449669
000000546959
000000214379
000000297970
000000071015
000000099807
000000108463
000000246412
000000078929
000000329634
000000458103
000000292647
000000510552
000000055764
000000400999
000000010012
000000460055
000000392981
000000574376
000000350009
000000560472
000000083325
000000446557
000000255898
000000580146
000000142733
000000392166
000000147623
000000080117
000000461217
000000487649
000000552417
000000281959
000000075590
000000489218
000000050434
000000560530
000000465740
000000542088
000000077954
000000075199
000000088567
000000295308
000000417023
000000128830
000000382789
000000015347
000000054314
000000304493
000000354539
000000408449
000000571483
000000330719
000000230884
000000247126
000000063890
000000449914
000000341623
000000402644
000000148898
000000165012
000000425200
000000286910
000000402172
000000454199
000000128256
000000043226
000000107430
000000445695
000000144139
000000025452
000000362226
000000252994
000000450355
000000505157
000000224975
000000492548
000000037800
000000351683
000000254976
000000293554
000000558766
000000356941
000000415446
000000412062
000000502338
000000330022
000000196766
000000310015
000000045554
000000215300
000000191101
000000288169
000000291873
000000421833
000000092840
000000419904
000000198768
000000149388
000000493278
000000066537
000000515426
000000119596
000000395292
000000491384
000000424607
000000457893
000000309413
000000360660
000000203756
000000290416
000000541439
000000394729
000000356809
000000488960
000000036693
000000219487
000000177978
000000417332
000000541374
000000354832
000000468970
000000538263
000000379542
000000345634
000000451856
000000433078
000000461467
000000141760
000000437106
000000426478
000000550842
000000103539
000000308722
000000335660
000000204562
000000177193
000000391074
000000476045
000000071735
000000019783
000000434201
000000166047
000000026286
000000518124
000000225100
000000409877
000000385464
000000110089
000000429580
000000463319
000000061532
000000144618
000000243725
000000527868
000000220366
000000012349
000000445249
000000165157
000000305423
000000165986
000000332755
000000185936
000000185225
000000399626
000000036187
000000398704
000000488243
000000488697
000000130759
000000381318
000000323030
000000578805
000000017869
000000178184
000000269033
000000236093
000000166477
000000045351
000000213009
000000264572
000000369496
000000109444
000000364252
000000462845
000000098276
000000203517
000000562675
000000211707
000000481736
000000407734
000000259359
000000281168
000000253143
000000468117
000000459258
000000350070
000000013302
000000135065
000000498916
000000538637
000000551961
000000057595
000000015153
000000225891
000000213754
000000476341
000000571514
000000388512
000000225769
000000352758
000000032067
000000321494
000000235130
000000151589
000000417339
000000130886
000000157380
000000158028
000000566049
000000085048
000000385860
000000560819
000000281700
000000434526
000000014864
000000417854
000000517931
000000306281
000000349596
000000269229
000000084147
000000110136
000000084222
000000347823
000000026783
000000158583
000000355256
000000521088
000000044464
000000450902
000000306440
000000096043
000000413704
000000125727
000000042760
000000154861
000000527291
000000335047
000000033643
000000483449
000000425721
000000581921
000000302498
000000545673
000000369443
000000457274
000000379177
000000325596
000000295668
000000353435
000000232723
000000138728
000000357279
000000024106
000000405261
000000513899
000000057885
000000231778
000000368588
000000085905
000000469755
000000506316
000000327675
000000572439
000000475564
000000067729
000000358904
000000329245
000000483851
000000106644
000000009727
000000574783
000000326723
000000252905
000000358534
000000421703
000000017591
000000385154
000000020644
000000323054
000000224244
000000386333
000000421535
000000536112
000000191417
000000307768
000000145542
000000030619
000000273190
000000373569
000000267925
000000371036
000000565446
000000257965
000000516541
000000532624
000000390856
000000281371
000000300437
000000386250
000000060467
000000181481
000000571696
000000201076
000000201662
000000096046
000000395933
000000208006
000000156328
000000167006
000000347789
000000556363
000000162018
000000267014
000000229033
000000370102
000000116005
000000221343
000000320478
000000559730
000000402448
000000209304
000000492608
000000043931
000000508722
000000473994
000000189614
000000070812
000000445257
000000427118
000000339674
000000039185
000000033297
000000461517
000000181996
000000266977
000000526972
000000165792
000000241312
000000579374
000000326832
000000399668
000000425155
000000438858
000000311521
000000581572
000000506717
000000139775
000000378736
000000105685
000000416625
000000095039
000000161465
000000490087
000000495502
000000054678
000000337915
000000389352
000000050648
000000016173
000000301136
000000495929
000000434930
000000360610
000000280976
000000016292
000000463649
000000231748
000000166230
000000063860
000000206636
000000457843
000000345602
000000284920
000000004180
000000021029
000000422183
000000521943
000000324650
000000384738
000000132706
000000324400
000000026552
000000053635
000000437710
000000490405
000000569919
000000119443
000000254711
000000161381
000000460199
000000167551
000000199641
000000578387
000000022145
000000101814
000000022427
000000012147
000000099718
000000035037
000000023084
000000486994
000000184800
000000027810
000000454631
000000438186
000000549435
000000552549
000000024285
000000153827
000000271741
000000197591
000000420253
000000124812
000000148373
000000079754
000000011238
000000264460
000000007123
000000412136
000000256855
000000346812
000000144438
000000105866
000000258566
000000555896
000000110597
000000058161
000000120431
000000051680
000000462324
000000572879
000000215914
000000215565
000000205332
000000218776
000000191468
000000054479
000000091041
000000481442
000000167855
000000167683
000000433212
000000446901
000000051222
000000027050
000000020702
000000380636
000000184536
000000292386
000000028728
000000315524
000000113598
000000272262
000000354185
000000409621
000000250868
000000202275
000000194700
000000138096
000000103973
000000300321
000000209925
000000075402
000000261742
000000575349
000000232387
000000097423
000000544475
000000357015
000000519433
000000216003
000000184176
000000141236
000000058225
000000061562
000000562850
000000263699
000000412001
000000563271
000000540636
000000535289
000000460458
000000459569
000000248935
000000270947
000000270247
000000110886
000000324845
000000347331
000000550222
000000269477
000000202825
000000283743
000000284220
000000073584
000000198761
000000004711
000000045680
000000137120
000000245160
000000238857
000000047285
000000154496
000000004554
000000291286
000000005916
000000081322
000000033091
000000348076
000000207349
000000418680
000000435009
000000044327
000000265646
000000562360
000000075747
000000499239
000000023743
000000016089
000000464265
000000047394
000000449279
000000134893
000000076405
000000471783
000000259458
000000327724
000000441929
000000029312
000000240295
000000451529
000000409966
000000559966
000000294730
000000226588
000000334171
000000449119
000000353407
000000333615
000000005339
000000396793
000000199093
000000503623
000000284233
000000578023
000000117849
000000342017
000000579056
000000147371
000000441338
000000234986
000000147659
000000009885
000000240811
000000278297
000000353581
000000338910
000000457021
000000521452
000000058714
000000383620
000000406753
000000098903
000000002867
000000564489
000000335503
000000201717
000000405605
000000298949
000000236461
000000119308
000000037757
000000448824
000000194677
000000295114
000000426026
000000293674
000000315381
000000348523
000000567630
000000541082
000000036736
000000003532
000000526257
000000522365
000000365768
000000389935
000000300993
000000155245
000000349960
000000388508
000000312524
000000034207
000000110926
000000472954
000000258290
000000006651
000000134459
000000297984
000000075080
000000280670
000000142924
000000485303
000000224420
000000537369
000000438101
000000498406
000000206413
000000297520
000000347419
000000010303
000000211451
000000183805
000000567949
000000240495
000000568259
000000539617
000000032386
000000377914
000000324645
000000464359
000000103335
000000040886
000000563912
000000347133
000000478266
000000244825
000000472022
000000150797
000000036966
000000478985
000000020389
000000361397
000000516516
000000324717
000000525790
000000288662
000000382312
000000455279
000000225828
000000033645
000000312010
000000538003
000000031482
000000450599
000000138094
000000442089
000000279490
000000374934
000000387335
000000130275
000000410143
000000272048
000000392480
000000143510
000000125686
000000024571
000000386185
000000246641
000000455741
000000147760
000000513054
000000540714
000000285448
000000125552
000000520684
000000400869
000000505876
000000558642
000000496078
000000479734
000000094714
000000458184
000000501506
000000322730
000000329730
000000161958
000000194968
000000513704
000000452687
000000137085
000000084602
000000136672
000000030238
000000472393
000000028961
000000353223
000000433274
000000531396
000000462132
000000280560
000000351367
000000178207
000000157942
000000548958
000000570078
000000163985
000000252492
000000217951
000000086366
000000379820
000000420231
000000099599
000000511121
000000278646
000000019463
000000422240
000000001183
000000088360
000000127451
000000135029
000000316113
000000258040
000000301916
000000483138
000000500967
000000437297
000000260932
000000054351
000000458632
000000115419
000000327215
000000011147
000000413955
000000128615
000000013717
000000027207
000000517983
000000002567
000000212843
000000505023
000000089882
000000490688
000000489735
000000156026
000000195529
000000267329
000000268590
000000118272
000000399369
000000268406
000000037705
000000052760
000000313020
000000026905
000000415569
000000516595
000000343002
000000578063
000000144436
000000274240
000000012902
000000009760
000000016796
000000365220
000000101065
000000409025
000000288174
000000122436
000000143792
000000191175
000000249086
000000554070
000000013670
000000494456
000000426578
000000449669
000000546959
000000214379
000000297970
000000071015
000000099807
000000108463
000000246412
000000078929
000000329634
000000458103
000000292647
000000510552
000000055764
000000400999
000000010012
000000460055
000000392981
000000574376
000000350009
000000560472
000000083325
000000446557
000000255898
000000580146
000000142733
000000392166
000000147623
000000080117
000000461217
000000487649
000000552417
000000281959
000000075590
000000489218
000000050434
000000560530
000000465740
000000542088
000000077954
000000075199
000000088567
000000295308
000000417023
000000128830
000000382789
000000015347
000000054314
000000304493
000000354539
000000408449
000000571483
000000330719
000000230884
000000247126
000000063890
000000449914
000000341623
000000402644
000000148898
000000165012
000000425200
000000286910
000000402172
000000454199
000000128256
000000043226
000000107430
000000445695
000000144139
000000025452
000000362226
000000252994
000000450355
000000505157
000000224975
000000492548
000000037800
000000351683
000000254976
000000293554
000000558766
000000356941
000000415446
000000412062
000000502338
000000330022
000000196766
000000310015
000000045554
000000215300
000000191101
000000288169
000000291873
000000421833
000000092840
000000419904
000000198768
000000149388
000000493278
000000066537
000000515426
000000119596
000000395292
000000491384
000000424607
000000457893
000000309413
000000360660
000000203756
000000290416
000000541439
000000394729
000000356809
000000488960
000000036693
000000219487
000000177978
000000417332
000000541374
000000354832
000000468970
000000538263
000000379542
000000345634
000000451856
000000433078
000000461467
000000141760
000000437106
000000426478
000000550842
000000103539
000000308722
000000335660
000000204562
000000177193
000000391074
000000476045
000000071735
000000019783
000000434201
000000166047
000000026286
000000518124
000000225100
000000409877
000000385464
000000110089
000000429580
000000463319
000000061532
000000144618
000000243725
000000527868
000000220366
000000012349
000000445249
000000165157
000000305423
000000165986
000000332755
000000185936
000000185225
000000399626
000000036187
000000398704
000000488243
000000488697
000000130759
000000381318
000000323030
000000578805
000000017869
000000178184
000000269033
000000236093
000000166477
000000045351
000000213009
000000264572
000000369496
000000109444
000000364252
000000462845
000000098276
000000203517
000000562675
000000211707
000000481736
000000407734
000000259359
000000281168
000000253143
000000468117
000000459258
000000350070
000000013302
000000135065
000000498916
000000538637
000000551961
000000057595
000000015153
000000225891
000000213754
000000476341
000000571514
000000388512
000000225769
000000352758
000000032067
000000321494
000000235130
000000151589
000000417339
000000130886
000000157380
000000158028
000000566049
000000085048
000000385860
000000560819
000000281700
000000434526
000000014864
000000417854
000000517931
000000306281
000000349596
000000269229
000000084147
000000110136
000000084222
000000347823
000000026783
000000158583
000000355256
000000521088
000000044464
000000450902
000000306440
000000096043
000000413704
000000125727
000000042760
000000154861
000000527291
000000335047
000000033643
000000483449
000000425721
000000581921
000000302498
000000545673
000000369443
000000457274
000000379177
000000325596
000000295668
000000353435
000000232723
000000138728
000000357279
000000024106
000000405261
000000513899
000000057885
000000231778
000000368588
000000085905
000000469755
000000506316
000000327675
000000572439
000000475564
000000067729
000000358904
000000329245
000000483851
000000106644
000000009727
000000574783
000000326723
000000252905
000000358534
000000421703
000000017591
000000385154
000000020644
000000323054
000000224244
000000386333
000000421535
000000536112
000000191417
000000307768
000000145542
000000030619
000000273190
000000373569
000000267925
000000371036
000000565446
000000257965
000000516541
000000532624
000000390856
000000281371
000000300437
000000386250
000000060467
000000181481
000000571696
000000201076
000000201662
000000096046
000000395933
000000208006
000000156328
000000167006
000000347789
000000556363
000000162018
000000267014
000000229033
000000370102
000000116005
000000221343
000000320478
000000559730
000000402448
000000209304
000000492608
000000043931
000000508722
000000473994
000000189614
000000070812
000000445257
000000427118
000000339674
000000039185
000000033297
000000461517
000000181996
000000266977
000000526972
000000165792
000000241312
000000579374
000000326832
000000399668
000000425155
000000438858
000000311521
000000581572
000000506717
000000139775
000000378736
000000105685
000000416625
000000095039
000000161465
000000490087
000000495502
000000054678
000000337915
000000389352
000000050648
000000016173
000000301136
000000495929
000000434930
000000360610
000000280976
000000016292
000000463649
000000231748
000000166230
000000063860
000000206636
000000457843
000000345602
000000284920
000000004180
000000021029
000000422183
000000521943
000000324650
000000384738
000000132706
000000324400
000000026552
000000053635
000000437710
000000490405
000000569919
000000119443
000000254711
000000161381
000000460199
000000167551
000000199641
000000578387
000000022145
000000101814
000000022427
000000012147
000000099718
000000035037
000000023084
000000486994
000000184800
000000027810
000000454631
000000438186
000000549435
000000552549
000000024285
000000153827
000000271741
000000197591
000000420253
000000124812
000000148373
000000079754
000000011238
000000264460
000000007123
000000412136
000000256855
000000346812
000000144438
000000105866
000000258566
000000555896
000000110597
000000058161
000000120431
000000051680
000000462324
000000572879
000000215914
000000215565
000000205332
000000218776
000000191468
000000054479
000000091041
000000481442
000000167855
000000167683
000000433212
000000446901
000000051222
000000027050
000000020702
000000380636
000000184536
000000292386
000000028728
000000315524
000000113598
000000272262
000000354185
000000409621
000000250868
000000202275
000000194700
000000138096
000000103973
000000300321
000000209925
000000075402
000000261742
000000575349
000000232387
000000097423
000000544475
000000357015
000000519433
000000216003
000000184176
000000141236
000000058225
000000061562
000000562850
000000263699
000000412001
000000563271
000000540636
000000535289
000000460458
000000459569
000000248935
000000270947
000000270247
000000110886
000000324845
000000347331
000000550222
000000269477
000000202825
000000283743
000000284220
000000073584
000000198761
000000004711
000000045680
000000137120
000000245160
000000238857
000000047285
000000154496
000000004554
000000291286
000000005916
000000081322
000000033091
000000348076
000000207349
000000418680
000000435009
000000044327
000000265646
000000562360
000000075747
000000499239
000000023743
000000016089
000000464265
000000047394
000000449279
000000134893
000000076405
000000471783
000000259458
000000327724
000000441929
000000029312
000000240295
000000451529
000000409966
000000559966
000000294730
000000226588
000000334171
000000449119
000000353407
000000333615
000000005339
000000396793
000000199093
000000503623
000000284233
000000578023
000000117849
000000342017
000000579056
000000147371
000000441338
000000234986
000000147659
000000009885
000000240811
000000278297
000000353581
000000338910
000000457021
000000521452
000000058714
000000383620
000000406753
000000098903
000000002867
000000564489
000000335503
000000201717
000000405605
000000298949
000000236461
000000119308
000000037757
000000448824
000000194677
000000295114
000000426026
000000293674
000000315381
000000348523
000000567630
000000541082
000000036736
000000003532
000000526257
000000522365
000000365768
000000389935
000000300993
000000155245
000000349960
000000388508
000000312524
000000034207
000000110926
000000472954
000000258290
000000006651
000000134459
000000297984
000000075080
000000280670
000000142924
000000485303
000000224420
000000537369
000000438101
000000498406
000000206413
000000297520
000000347419
000000010303
000000211451
000000183805
000000567949
000000240495
000000568259
000000539617
000000032386
000000377914
000000324645
000000464359
000000103335
000000040886
000000563912
000000347133
000000478266
000000244825
000000472022
000000150797
000000036966
000000478985
000000020389
000000361397
000000516516
000000324717
000000525790
000000288662
000000382312
000000455279
000000225828
000000033645
000000312010
000000538003
000000031482
000000450599
000000138094
000000442089
000000279490
000000374934
000000387335
000000130275
000000410143
000000272048
000000392480
000000143510
000000125686
000000024571
000000386185
000000246641
000000455741
000000147760
000000513054
000000540714
000000285448
000000125552
000000520684
000000400869
000000505876
000000558642
000000496078
000000479734
000000094714
000000458184
000000501506
000000322730
000000329730
000000161958
000000194968
000000513704
000000452687
000000137085
000000084602
000000136672
000000030238
000000472393
000000028961
000000353223
000000433274
000000531396
000000462132
000000280560
000000351367
000000178207
000000157942
000000548958
000000570078
000000163985
000000252492
000000217951
000000086366
000000379820
000000420231
000000099599
000000511121
000000278646
000000019463
000000422240
000000001183
000000088360
000000127451
000000135029
000000316113
000000258040
000000301916
000000483138
000000500967
000000437297
000000260932
000000054351
000000458632
000000115419
000000327215
000000011147
000000413955
000000128615
000000013717
000000027207
000000517983
000000002567
000000212843
000000505023
000000089882
000000490688
000000489735
000000156026
000000195529
000000267329
000000268590
000000118272
000000399369
000000268406
000000037705
000000052760
000000313020
000000026905
000000415569
000000516595
000000343002
000000578063
000000144436
000000274240
000000012902
000000009760
000000016796
000000365220
000000101065
000000409025
000000288174
000000122436
000000143792
000000191175
000000249086
000000554070
000000013670
000000494456
000000426578
000000449669
000000546959
000000214379
000000297970
000000071015
000000099807
000000108463
000000246412
000000078929
000000329634
000000458103
000000292647
000000510552
000000055764
000000400999
000000010012
000000460055
000000392981
000000574376
000000350009
000000560472
000000083325
000000446557
000000255898
000000580146
000000142733
000000392166
000000147623
000000080117
000000461217
000000487649
000000552417
000000281959
000000075590
000000489218
000000050434
000000560530
000000465740
000000542088
000000077954
000000075199
000000088567
000000295308
000000417023
000000128830
000000382789
000000015347
000000054314
000000304493
000000354539
000000408449
000000571483
000000330719
000000230884
000000247126
000000063890
000000449914
000000341623
000000402644
000000148898
000000165012
000000425200
000000286910
000000402172
000000454199
000000128256
000000043226
000000107430
000000445695
