000000491384
000000077954
000000203794
000000450902
000000359118
000000012488
000000329789
000000431793
000000076405
000000427118
000000580161
000000065404
000000109444
000000469878
000000079754
000000559966
000000104075
000000294730
000000149280
000000509652
000000118272
000000102420
000000376029
000000390395
000000443727
000000113598
000000554125
000000460243
000000441655
000000417590
000000214197
000000254938
000000152429
000000002567
000000259976
000000206166
000000275657
000000443075
000000347133
000000291665
000000241312
000000376740
000000404024
000000151353
000000166586
000000258290
000000505234
000000496324
000000302216
000000209304
000000052803
000000142733
000000132724
000000099807
000000128615
000000078929
000000302940
000000102903
000000125390
000000198923
000000374934
000000029312
000000518222
000000330395
000000318346
000000455741
000000125686
000000400999
000000176385
000000278352
000000035128
000000424823
000000295767
000000428746
000000228722
000000238709
000000086399
000000556035
000000516625
000000539384
000000372801
000000130320
000000245160
000000400886
000000574376
000000510552
000000436188
000000328412
000000496255
000000567486
000000053169
000000529229
000000195394
000000322990
000000570629
000000324232
000000055569
000000214379
000000540714
000000241880
000000137767
000000047394
000000216003
000000272262
000000480908
000000341623
000000207363
000000353295
000000106644
000000385464
000000400742
000000240028
000000161760
000000323030
000000317131
000000014801
000000550467
000000566931
000000173704
000000157238
000000379820
000000209925
000000526608
000000499523
000000370055
000000326555
000000190915
000000506316
000000379162
000000256787
000000218980
000000165792
000000234986
000000401910
000000045854
000000078555
000000395491
000000297244
000000171785
000000356586
000000199122
000000133510
000000426474
000000057849
000000024106
000000123378
000000004711
000000576938
000000051750
000000521493
000000267329
000000107430
000000224420
000000094412
000000023743
000000075080
000000016254
000000018775
000000386693
000000417602
000000063084
000000272048
000000412062
000000415925
000000439179
000000364934
000000023709
000000521574
000000404283
000000006651
000000575349
000000028719
000000558766
000000353435
000000581572
000000483449
000000331229
000000075227
000000041688
000000211203
000000147659
000000160628
000000464265
000000194968
000000414733
000000329502
000000363829
000000378522
000000348076
000000273094
000000324650
000000374218
000000246322
000000480023
000000314048
000000429580
000000501506
000000417867
000000334171
000000566032
000000568880
000000381318
000000409784
000000448143
000000258566
000000101065
000000156026
000000572284
000000199641
000000270769
000000008443
000000457021
000000522365
000000483389
000000565446
000000558642
000000242945
000000560879
000000362226
000000050098
000000422183
000000121351
000000539265
000000012147
000000322472
000000110089
000000045554
000000094714
000000460458
000000459006
000000292386
000000116633
000000280670
000000528097
000000315501
000000098029
000000385860
000000558036
000000394393
000000144436
000000235093
000000473746
000000025576
000000024285
000000542817
000000125085
000000082144
000000308366
000000568560
000000462132
000000434493
000000527291
000000537667
000000049120
000000525790
000000175734
000000571696
000000047548
000000305423
000000481736
000000141887
000000405261
000000086292
000000289618
000000025452
000000434930
000000292697
000000309744
000000119964
000000237162
000000387202
000000273446
000000329527
000000498406
000000561201
000000007028
000000177470
000000017591
000000311521
000000322730
000000433985
000000377476
000000013302
000000425721
000000418804
000000432488
000000308722
000000463715
000000341985
000000076292
000000030238
000000026367
000000136653
000000058425
000000015843
000000418480
000000335552
000000259458
000000209180
000000328214
000000559875
000000358206
000000502482
000000310645
000000503623
000000538637
000000483851
000000551466
000000276064
000000117089
000000382103
000000542630
000000362744
000000205332
000000154689
000000334469
000000254711
000000211756
000000342017
000000073808
000000310665
000000285448
000000166141
000000309848
000000274240
000000098276
000000475674
000000075199
000000136501
000000222676
000000100985
000000026310
000000014756
000000324909
000000036966
000000511121
000000527447
000000338863
000000218941
000000157160
000000578387
000000026783
000000446557
000000069599
000000251702
000000140291
000000096859
000000284507
000000372029
000000176295
000000157380
000000309413
000000458617
000000149388
000000518889
000000155262
000000442298
000000307730
000000285891
000000492648
000000133476
000000145542
000000437297
000000065209
000000464359
000000071301
000000511062
000000123711
000000480121
000000215914
000000349552
000000027207
000000451856
000000092648
000000440204
000000133650
000000010012
000000114801
000000388989
000000128256
000000445695
000000350535
000000284465
000000203756
000000450355
000000392711
000000536112
000000432138
000000032067
000000357413
000000167636
000000028658
000000412764
000000160757
000000013465
000000150797
000000037757
000000448824
000000020389
000000484599
000000257965
000000271166
000000400602
000000433078
000000293492
000000181481
000000508555
000000099990
000000533042
000000059934
000000315383
000000450026
000000438300
000000262407
000000406403
000000198768
000000069577
000000162930
000000164788
000000154244
000000181176
000000189847
000000066468
000000409944
000000360610
000000463649
000000018656
000000285817
000000387009
000000569839
000000208957
000000541374
000000216314
000000361420
000000249125
000000540636
000000561545
000000460705
000000575305
000000575901
000000412136
000000068242
000000019642
000000103747
000000067729
000000508665
000000225891
000000540342
000000514435
000000490405
000000016715
000000465610
000000191175
000000345602
000000002239
000000142665
000000411517
000000407318
000000327675
000000530750
000000281371
000000460199
000000244528
000000271620
000000238816
000000370102
000000058531
000000281700
000000032329
000000197591
000000081504
000000263586
000000139775
000000034439
000000040934
000000050470
000000096625
000000057595
000000245675
000000303822
000000243116
000000457861
000000236335
000000302498
000000485808
000000241823
000000050429
000000240295
000000463319
000000374062
000000404272
000000576001
000000523349
000000547487
000000426578
000000360792
000000231714
000000107402
000000268682
000000063860
000000324645
000000009727
000000398537
000000418074
000000528851
000000485934
000000217293
000000562675
000000284920
000000461945
000000442089
000000201554
000000578063
000000513704
000000238427
000000346189
000000379177
000000524522
000000495031
000000411557
000000570078
000000554699
000000462376
000000156328
000000125120
000000571514
000000571483
000000330880
000000373569
000000105110
000000259359
000000204537
000000022145
000000463144
000000069440
000000106637
000000441338
000000459258
000000461217
000000075740
000000469755
000000401201
000000125727
000000264460
000000162018
000000031729
000000419550
000000154263
000000043931
000000467314
000000369496
000000270604
000000183805
000000139230
000000058929
000000570085
000000417332
000000369333
000000104313
000000543480
000000322080
000000363486
000000247880
000000482750
000000144093
000000488377
000000070480
000000055764
000000291286
000000054479
000000515668
000000353407
000000175671
000000188873
000000491062
000000020090
000000374717
000000392358
000000355426
000000335503
000000237669
000000411247
000000353803
000000200653
000000461467
000000270947
000000035037
000000406753
000000306440
000000400926
000000408081
000000444199
000000121677
000000263418
000000384010
000000155498
000000360660
000000475564
000000185225
000000399868
000000166848
000000167551
000000386068
000000088567
000000416997
000000151739
000000320721
000000546285
000000090052
000000531178
000000003623
000000126470
000000559086
000000241867
000000115635
000000012349
000000110926
000000471468
000000426026
000000249246
000000273190
000000323352
000000563271
000000384671
000000147371
000000421703
000000075552
000000533396
000000236823
000000579303
000000095620
000000181173
000000568471
000000018014
000000282603
000000551858
000000469035
000000215581
000000122436
000000440334
000000528176
000000010303
000000285645
000000053825
000000089882
000000574507
000000298809
000000048032
000000314357
000000399369
000000139982
000000401743
000000177917
000000256451
000000202275
000000486994
000000366028
000000184116
000000084259
000000564465
000000256031
000000375186
000000002755
000000158028
000000097048
000000308441
000000476045
000000232387
000000110886
000000249672
000000350009
000000392839
000000337339
000000437106
000000313337
000000159398
000000204162
000000281782
000000050274
000000240405
000000555896
000000247126
000000135082
000000353223
000000398674
000000518124
000000009885
000000423986
000000092553
000000524672
000000085413
000000548167
000000335660
000000338678
000000490964
000000330022
000000044227
000000524710
000000327724
000000167683
000000181745
000000380108
000000333151
000000399282
000000320843
000000321011
000000463217
000000410302
000000519759
000000151589
000000084712
000000417281
000000332755
000000129852
000000364252
000000173208
000000547419
000000129129
000000538615
000000022427
000000445007
000000512583
000000091057
000000246980
000000105812
000000191925
000000098903
000000305103
000000185025
000000253143
000000057885
000000099592
000000138728
000000516595
000000441929
000000354185
000000067548
000000185862
000000036693
000000264572
000000357015
000000494113
000000542088
000000391074
000000548958
000000474984
000000365557
000000412194
000000025158
000000564489
000000061562
000000026905
000000163230
000000526972
000000306967
000000489159
000000144259
000000304493
000000279407
000000313924
000000177915
000000505936
000000344793
000000278297
000000058714
000000541082
000000146649
000000525381
000000166230
000000390161
000000062761
000000096046
000000427909
000000435009
000000408449
000000146510
000000054905
000000525211
000000049027
000000203171
000000148297
000000208511
000000361895
000000026498
000000184536
000000379736
000000225511
000000098924
000000151523
000000510500
000000360473
000000494077
000000406874
000000534903
000000394729
000000507826
000000214216
000000566049
000000563912
000000173598
000000346458
000000488697
000000282868
000000172690
000000246412
000000288403
000000346589
000000361030
000000022304
000000185487
000000384161
000000387349
000000345288
000000317514
000000298711
000000099295
000000297970
000000040498
000000500967
000000081065
000000309169
000000143333
000000116096
000000392166
000000153938
000000450649
000000097450
000000179720
000000336406
000000429526
000000440285
000000257198
000000569618
000000471783
000000009760
000000211678
000000157085
000000145337
000000110597
000000431208
000000349438
000000128830
000000447407
000000085048
000000356908
000000267014
000000434805
000000537999
000000144252
000000560530
000000231373
000000243950
000000572439
000000464188
000000472954
000000295308
000000270809
000000439427
000000448503
000000458677
000000293554
000000211327
000000496420
000000078986
000000538263
000000104020
000000208024
000000194677
000000365999
000000265464
000000537625
000000327299
000000314667
000000577403
000000411620
000000021029
000000521452
000000165012
000000028961
000000013362
000000158035
000000139734
000000396354
000000134893
000000345833
000000053635
000000511325
000000120872
000000233102
000000191417
000000127451
000000235259
000000380330
000000347331
000000257625
000000479208
000000521943
000000133151
000000144618
000000502996
000000513191
000000389644
000000349026
000000002867
000000326832
000000477331
000000425743
000000545390
000000203905
000000264179
000000416625
000000149739
000000032757
000000290130
000000219737
000000075402
000000520232
000000421228
000000532624
000000191468
000000512266
000000087056
000000207640
000000276542
000000020644
000000269561
000000316605
000000545673
000000168366
000000311092
000000070258
000000089931
000000016327
000000551869
000000099008
000000068300
000000349418
000000249272
000000515785
000000556822
000000107661
000000160414
000000478266
000000446328
000000378736
000000304519
000000009993
000000090983
000000422691
000000455751
000000473411
000000347638
000000562360
000000278646
000000019698
000000218389
000000436317
000000389921
000000269089
000000498368
000000019463
000000260510
000000084114
000000286910
000000434043
000000211451
000000402448
000000118296
000000326811
000000413868
000000246318
000000236938
000000471098
000000103603
000000208240
000000339358
000000281168
000000023084
000000020157
000000342019
000000028290
000000315524
000000405062
000000526371
000000143107
000000495841
000000568116
000000031112
000000077663
000000007123
000000452269
000000349596
000000472022
000000560282
000000234709
000000324717
000000257353
000000203612
000000506717
000000052760
000000468137
000000213009
000000037800
000000564183
000000300437
000000227802
000000483965
000000084147
000000261742
000000525802
000000067200
000000269229
000000112453
000000461172
000000214293
000000297509
000000110136
000000072016
000000449914
000000148394
000000079212
000000572179
000000310445
000000043739
000000040886
000000453883
000000141760
000000366967
000000090787
000000389654
000000012698
000000034207
000000276781
000000419631
000000106521
000000126045
000000015347
000000278242
000000498588
000000112769
000000073584
000000265889
000000508202
000000403913
000000107781
000000396793
000000501638
000000027937
000000311240
000000273079
000000263699
000000030619
000000033536
000000388512
000000549506
000000119139
000000481596
000000258019
000000047285
000000348263
000000116005
000000544475
000000215300
000000063845
000000382625
000000034785
000000517855
000000505023
000000579405
000000395567
000000313803
000000528432
000000399001
000000294283
000000485303
000000004554
000000039640
000000278737
000000214961
000000241905
000000013983
000000375769
000000346812
000000356959
000000084277
000000088360
000000497797
000000267798
000000267266
000000426513
000000339266
000000290416
000000003532
000000147187
000000381305
000000004377
000000266977
000000206636
000000347507
000000250771
000000141382
000000476736
000000366146
000000047972
000000254976
000000446901
000000554759
000000240811
000000354539
000000389249
000000194294
000000249663
000000368160
000000361397
000000274491
000000190291
000000095409
000000010444
000000046014
000000570805
000000383885
000000349282
000000338864
000000266107
000000036948
000000526953
000000307564
000000361375
000000421535
000000475482
000000068974
000000312828
000000069929
000000246535
000000206751
000000050806
000000158583
000000498982
000000379542
000000142924
000000481506
000000285024
000000119596
000000554664
000000099064
000000209808
000000075747
000000382312
000000352758
000000195529
000000174239
000000434201
000000541676
000000322222
000000512275
000000333551
000000022265
000000362824
000000334809
000000574783
000000324400
000000169527
000000018333
000000483138
000000348523
000000123946
000000017171
000000211476
000000395933
000000433438
000000005339
000000143143
000000488243
000000267925
000000314953
000000579056
000000487649
000000558388
000000379636
000000236461
000000504287
000000044209
000000044488
000000168334
000000202431
000000502338
000000253251
000000543520
000000426845
000000478726
000000194845
000000546959
000000086366
000000385779
000000200910
000000531910
000000111245
000000373177
000000492785
000000119353
000000562100
000000581857
000000353581
000000272790
000000185476
000000092840
000000168151
000000356293
000000177948
000000224244
000000201076
000000194700
000000460666
000000057138
000000547662
000000137704
000000472393
000000258040
000000475978
000000349686
000000445257
000000569543
000000351233
000000341389
000000154220
000000572430
000000566502
000000530726
000000258544
000000559730
000000396636
000000177193
000000466703
000000066537
000000503844
000000438623
000000142824
000000166047
000000350344
000000428457
000000410493
000000257450
000000475319
000000094150
000000425200
000000003995
000000005916
000000337269
000000484186
000000355256
000000473254
000000452404
000000128885
000000019783
000000058225
000000324605
000000491249
000000119443
000000135065
000000523262
000000014864
000000294958
000000053170
000000533154
000000551961
000000400869
000000460673
000000568179
000000451529
000000309940
000000379966
000000280560
000000520752
000000498916
000000101814
000000143215
000000451623
000000369859
000000560851
000000135836
000000186427
000000562778
000000031980
000000482998
000000469051
000000143346
000000495929
000000461821
000000178651
000000495182
000000567949
000000513854
000000274688
000000423602
000000382789
000000186157
000000272027
000000053091
000000091595
000000489426
000000080634
000000134459
000000219735
000000409025
000000419262
000000089093
000000283257
000000115511
000000390856
000000398799
000000454199
000000138562
000000232985
000000202825
000000537579
000000285400
000000227742
000000034437
000000527264
000000108314
000000325840
000000473206
000000479734
000000300333
000000011198
000000436521
000000323851
000000516415
000000014873
000000498537
000000199093
000000260932
000000257615
000000044261
000000188136
000000282711
000000133660
000000380636
000000259337
000000527640
000000419210
000000159993
000000119308
000000535289
000000355746
000000013490
000000541439
000000402505
000000281586
000000278095
000000178413
000000099755
000000249519
000000458184
000000386333
000000430036
000000217951
000000039072
000000259585
000000438101
000000063890
000000300993
000000313646
000000359340
000000356941
000000550222
000000018457
000000335834
000000573704
000000274130
000000454631
000000050648
000000150652
000000432216
000000125552
000000206851
000000053022
000000037638
000000484113
000000192233
000000159400
000000165050
000000550140
000000084222
000000278496
000000233950
000000320186
000000181861
000000243825
000000433274
000000154496
000000517655
000000137992
000000425155
000000409877
000000431472
000000265646
000000413955
000000086654
000000230964
000000496486
000000487279
000000480295
000000066881
000000199381
000000325593
000000238857
000000119751
000000225100
000000320461
000000539617
000000486822
000000384983
000000386185
000000329245
000000310015
000000279195
000000390134
000000465090
000000339579
000000350070
000000452500
000000298418
000000519399
000000108091
000000294102
000000083481
000000185936
000000554587
000000040380
000000422240
000000343655
000000535325
000000123177
000000130275
000000346450
000000259877
000000075590
000000560015
000000141779
000000244825
000000291537
000000244462
000000204067
000000079305
000000135733
000000364448
000000567827
000000030608
000000505157
000000345665
000000474616
000000383012
000000138790
000000394079
000000490267
000000496078
000000554070
000000268014
000000499336
000000288174
000000510027
000000084602
000000255898
000000014759
000000004592
000000489810
000000183972
000000178446
000000090125
000000274304
000000207292
000000529314
000000350620
000000500561
000000026552
000000407689
000000252905
000000379914
000000560481
000000013082
000000288662
000000212363
000000122874
000000301136
000000203107
000000421833
000000272949
000000524844
000000420522
000000418292
000000522074
000000492548
000000472282
000000096043
000000237041
000000479477
000000067871
000000163171
000000578023
000000424607
000000377914
000000456895
000000004180
000000054655
000000316113
000000568396
000000313847
000000220366
000000517931
000000225709
000000297520
000000490087
000000398753
000000358904
000000542384
000000320478
000000336602
000000538891
000000344632
000000401435
000000540933
000000438858
000000267290
000000148898
000000149060
000000349960
000000216772
000000230884
000000084442
000000094590
000000284192
000000043226
000000372844
000000058161
000000399626
000000139428
000000135029
000000088950
000000083516
000000578497
000000031482
000000545493
000000413358
000000394794
000000308777
000000567444
000000571389
000000157942
000000564448
000000552549
000000276840
000000013140
000000016659
000000526257
000000453629
000000225828
000000283743
000000138096
000000383404
000000414736
000000063270
000000145295
000000284233
000000536708
000000179964
000000071095
000000326723
000000184176
000000347789
000000325736
000000091041
000000268590
000000510596
000000213754
000000105866
000000161546
000000445249
000000152431
000000389384
000000041225
000000471004
000000081322
000000450599
000000325596
000000407734
000000578805
000000446351
000000268058
000000418056
000000385931
000000447354
000000194347
000000384750
000000555265
000000236093
000000505701
000000206413
000000308694
000000144438
000000081398
000000466211
000000471009
000000499200
000000386821
000000462324
000000097423
000000409621
000000392330
000000436838
000000013717
000000461517
000000472258
000000007544
000000358534
000000057647
000000502517
000000431173
000000159280
000000515426
000000575351
000000361604
000000473994
000000293377
000000401169
000000174425
000000468970
000000340187
000000288169
000000155245
000000401286
000000577907
000000375989
000000005388
000000460446
000000165986
000000513852
000000060690
000000523217
000000232957
000000371300
000000516516
000000133275
000000049502
000000581277
000000465740
000000315381
000000548177
000000043872
000000463242
000000564281
000000079716
000000060132
000000575476
000000458632
000000298596
000000224477
000000263083
000000066539
000000490665
000000166813
000000044993
000000489735
000000290412
000000579374
000000316012
000000261940
000000007367
000000016064
000000460675
000000020702
000000054678
000000103539
000000570890
000000190382
000000552365
000000056313
000000411009
000000231778
000000450152
000000335047
000000338880
000000108463
000000494456
000000458249
000000431398
000000112950
000000456724
000000567630
000000231748
000000331271
000000285497
000000212843
000000437710
000000228664
000000210333
000000056332
000000305585
000000457274
000000071735
000000577669
000000306281
000000299972
000000085674
000000051079
000000123848
000000136394
000000515444
000000154424
000000219487
000000350339
000000352257
000000369561
000000256855
000000579329
000000257992
000000388508
000000137085
000000243725
000000452382
000000507871
000000253955
000000333615
000000319283
000000536855
000000178184
000000038370
000000338910
000000489218
000000499239
000000022799
000000178207
000000521800
000000137120
000000361798
000000312524
000000248353
000000431865
000000150286
000000212532
000000414088
000000458103
000000470781
000000337621
000000201000
000000576771
000000101017
000000052112
000000227903
000000016243
000000139394
000000045680
000000050434
000000224975
000000347419
000000015195
000000300705
000000147760
000000434380
000000007989
000000468337
000000528579
000000013670
000000337704
000000487198
000000045267
000000519351
000000232723
000000334837
000000065161
000000395673
000000398704
000000024828
000000215330
000000316397
000000539718
000000477040
000000535151
000000377706
000000297984
000000161465
000000476426
000000513806
000000050040
000000452687
000000496732
000000335695
000000392571
000000410143
000000035374
000000550009
000000111705
000000165820
000000203517
000000143510
000000422389
000000016292
000000390785
000000438186
000000478351
000000368268
000000392480
000000160337
000000228297
000000580146
000000130732
000000497009
000000207509
000000293674
000000161381
000000177978
000000033091
000000052784
000000062657
000000534412
000000445140
000000537369
000000452488
000000473072
000000296348
000000085905
000000032386
000000462639
000000294535
000000380635
000000330719
000000054402
000000051680
000000291873
000000090678
000000559586
000000336897
000000545405
000000312010
000000233688
000000499108
000000570866
000000478985
000000246843
000000383620
000000501575
000000294430
000000036260
000000387463
000000020611
000000429536
000000313923
000000059623
000000357279
000000297204
000000120431
000000225402
000000364815
000000426478
000000313465
000000361850
000000412009
000000449119
000000066568
000000417339
000000295114
000000428896
000000303744
000000026576
000000252492
000000412001
000000205086
000000192982
000000561361
000000575029
000000459569
000000369491
000000552956
000000165157
000000356809
000000222029
000000221343
000000433145
000000389145
000000215565
000000414001
000000142565
000000064190
000000552417
000000184315
000000105545
000000337915
000000502212
000000581921
000000005692
000000148373
000000538113
000000008821
000000161262
000000196065
000000017869
000000165945
000000418680
000000269033
000000384924
000000460422
000000130759
000000270605
000000119169
000000072249
000000556130
000000557944
000000234994
000000350268
000000252994
000000572012
000000210471
000000212628
000000134039
000000463583
000000034086
000000038548
000000562124
000000300962
000000287528
000000556363
000000386796
000000060467
000000016483
000000431832
000000248920
000000284220
000000280036
000000086064
000000444869
000000549435
000000238537
000000033297
000000223068
000000304694
000000141236
000000089725
000000029138
000000225769
000000487338
000000415569
000000520684
000000329730
000000347248
000000329634
000000154685
000000343002
000000265433
000000153827
000000196766
000000071838
000000295325
000000537543
000000194277
000000345211
000000457893
000000513054
000000236186
000000449669
000000386250
000000253838
000000024086
000000183364
000000477321
000000007778
000000420231
000000033645
000000451391
000000222394
000000261863
000000458756
000000210604
000000159823
000000513899
000000209195
000000392981
000000568259
000000299676
000000368588
000000461262
000000457843
000000442001
000000295668
000000271214
000000566651
000000026286
000000291262
000000455691
000000201717
000000099599
000000556830
000000429215
000000187822
000000457659
000000347823
000000527868
000000037716
000000021213
000000142350
000000037852
000000250868
000000315722
000000255660
000000555940
000000292493
000000054351
000000237726
000000413704
000000560472
000000335935
000000518224
000000208006
000000572879
000000171585
000000431991
000000516541
000000163985
000000167855
000000235130
000000126809
000000484165
000000555794
000000227474
000000022135
000000246587
000000007201
000000019491
000000139944
000000577160
000000317431
000000051222
000000300753
000000146127
000000493278
000000288399
000000021553
000000384930
000000307768
000000446850
000000354832
000000411379
000000388940
000000209890
000000323054
000000359339
000000405057
000000000415
000000110052
000000287407
000000431874
000000044327
000000027050
000000387335
000000192181
000000036187
000000516049
000000215231
000000042760
000000436183
000000490688
000000162435
000000226298
000000476888
000000414279
000000462845
000000305738
000000044464
000000279677
000000254078
000000033643
000000378134
000000191101
000000188958
000000389935
000000291921
000000061532
000000568154
000000281959
000000238989
000000115419
000000144139
000000151237
000000063077
000000027810
000000447689
000000313020
000000359147
000000534391
000000569103
000000271741
000000433212
000000402514
000000138094
000000505924
000000292647
000000494141
000000406093
000000011271
000000103973
000000543391
000000462186
000000232781
000000115793
000000289213
000000198604
000000404828
000000338439
000000405314
000000414522
000000395292
000000124593
000000265449
000000323983
000000214121
000000254074
000000569919
000000099718
000000405605
000000131419
000000417023
000000270247
000000532216
000000274422
000000300321
000000115959
000000345634
000000375729
000000543224
000000037705
000000105685
000000132415
000000539830
000000505876
000000413360
000000488960
000000550842
000000351577
000000032906
000000298949
000000168865
000000409966
000000538003
000000434526
000000207584
000000532239
000000297360
000000504968
000000466723
000000531396
000000132706
000000130886
000000218889
000000252054
000000324845
000000432420
000000184800
000000515638
000000039185
000000339674
000000495905
000000181554
000000365768
000000319122
000000033773
000000035672
000000479848
000000016796
000000552377
000000379044
000000036736
000000009024
000000328596
000000189839
000000508722
000000181996
000000149268
000000457616
000000531960
000000402644
000000287303
000000147623
000000262031
000000095039
000000560819
000000291074
000000445019
000000369443
000000495502
000000223718
000000217495
000000154861
000000551288
000000508055
000000011147
000000036322
000000028692
000000006760
000000295419
000000396792
000000451835
000000321494
000000532793
000000201662
000000024516
000000230291
000000351683
000000066360
000000146710
000000208365
000000492608
000000136672
000000014537
000000200681
000000402623
000000256617
000000163553
000000399165
000000558771
000000240495
000000129737
000000121954
000000133225
000000578418
000000359726
000000028728
000000083325
000000493578
000000391225
000000481442
000000016173
000000375840
000000103335
000000363602
000000389352
000000486732
000000351367
000000174062
000000157592
000000343227
000000428248
000000001183
000000117026
000000556608
000000211707
000000124812
000000045351
000000476341
000000038865
000000301916
000000083808
000000355593
000000042944
000000279490
000000087282
000000349822
000000080117
000000143119
000000259354
000000562850
000000258110
000000475982
000000011238
000000124067
000000363469
000000152012
000000319134
000000143234
000000453582
000000226588
000000117849
000000515899
000000250258
000000358176
000000051630
000000166376
000000563645
000000025595
000000409120
000000477782
000000248935
000000044820
000000070733
000000353989
000000475019
000000070812
000000106331
000000365220
000000460055
000000071313
000000022837
000000385107
000000280976
000000016089
000000539891
000000297972
000000188875
000000061805
000000544522
000000166477
000000505809
000000289971
000000246686
000000229033
000000449279
000000375486
000000078060
000000012881
000000535580
000000161958
000000268406
000000553815
000000059024
000000253988
000000385154
000000086031
000000371036
000000085865
000000548361
000000214290
000000237919
000000419904
000000204562
000000331523
000000271490
000000249086
000000528374
000000391106
000000367187
000000369418
000000071015
000000517983
000000458085
000000077951
000000327215
000000249608
000000399668
000000332646
000000521088
000000315744
000000191724
000000550410
000000198761
000000091942
000000246641
000000520978
000000015153
000000189684
000000314396
000000041077
000000402172
000000519433
000000485155
000000190732
000000104400
000000408187
000000393809
000000136700
000000049236
000000005728
000000420253
000000024571
000000154755
000000494220
000000053702
000000074345
000000143792
000000506342
000000135472
000000262884
000000238428
000000455279
000000189614
000000439676
000000207349
000000052383
000000218776
000000107584
000000167006
000000433900
000000384738
000000259087
000000269477
000000207703
000000061697
000000092753
000000012902
000000054683
000000204940
000000471773
000000306240
000000468117
000000270586
000000372764
000000399665
000000054314
000000415446
000000417854
000000452218
