000000310459
000000124486
000000409368
000000128560
000000132724
000000136493
000000256151
000000494555
000000157270
000000023807
000000034680
000000365258
000000193901
000000504164
000000040205
000000010015
000000557952
000000407809
000000244585
000000124835
000000095533
000000217113
000000291260
000000195724
000000495536
000000027769
000000441633
000000429039
000000015427
000000036303
000000311284
000000358411
000000471966
000000350930
000000256967
000000050412
000000166386
000000088950
000000194748
000000027270
000000298405
000000476872
000000079212
000000040938
000000453787
000000409763
000000335744
000000060167
000000032893
000000560787
000000296211
000000444809
000000227612
000000191017
000000453582
000000461267
000000000092
000000114184
000000031540
000000154589
000000343410
000000448689
000000480841
000000396845
000000573764
000000489723
000000323119
000000564681
000000455672
000000223451
000000565087
000000200451
000000182765
000000164346
000000395745
000000539606
000000543795
000000535842
000000165055
000000577283
000000302216
000000469035
000000234655
000000206749
000000476864
000000467674
000000240278
000000357743
000000066292
000000112226
000000316963
000000434389
000000324165
000000260973
000000249805
000000087864
000000399988
000000387299
000000580732
000000106287
000000110821
000000312038
000000209808
000000268370
000000396905
000000390182
000000385744
000000534633
000000278168
000000043451
000000301646
000000080306
000000382472
000000150754
000000383223
000000455408
000000240841
000000231134
000000322707
000000447330
000000318147
000000080316
000000417037
000000161947
000000077903
000000456064
000000504541
000000072650
000000141003
000000550432
000000475413
000000486503
000000428830
000000433078
000000565714
000000070865
000000078451
000000550127
000000314685
000000180327
000000225477
000000314383
000000418087
000000190939
000000576286
000000475839
000000210542
000000134754
000000349438
000000052435
000000217522
000000352235
000000408049
000000253500
000000136142
000000466196
000000212840
000000149434
000000238816
000000578841
000000440387
000000510366
000000024716
000000265135
000000460441
000000447124
000000354946
000000046038
000000404905
000000170666
000000465945
000000541553
000000185265
000000319332
000000323352
000000164262
000000562441
000000515424
000000097656
000000440783
000000378778
000000011025
000000208511
000000292187
000000415283
000000444278
000000285825
000000080295
000000148911
000000239670
000000276552
000000333151
000000331959
000000487114
000000447118
000000331907
000000445915
000000478741
000000371874
000000466544
000000143420
000000160886
000000018377
000000094299
000000066328
000000034528
000000084268
000000570259
000000265407
000000043210
000000105762
000000403716
000000147685
000000065518
000000540681
000000264591
000000121241
000000329508
000000021397
000000439092
000000488601
000000067656
000000401167
000000444033
000000370729
000000062295
000000394190
000000114579
000000294407
000000415378
000000348973
000000141524
000000344859
000000441646
000000493296
000000175908
000000031333
000000011411
000000158183
000000516380
000000071521
000000514685
000000412086
000000468203
000000229660
000000009511
000000514391
000000399481
000000164955
000000363602
000000313020
000000534925
000000223014
000000367905
000000486606
000000377926
000000080271
000000353754
000000565341
000000360126
000000059918
000000091543
000000453317
000000540296
000000043873
000000053022
000000006042
000000325387
000000031885
000000423202
000000084607
000000109190
000000440496
000000145460
000000260932
000000269721
000000369038
000000386166
000000525211
000000557496
000000443592
000000128256
000000123731
000000473131
000000165018
000000102420
000000245440
000000295376
000000285634
000000395363
000000476412
000000185234
000000326247
000000421703
000000420666
000000121344
000000319731
000000443095
000000209875
000000492383
000000246318
000000118207
000000313508
000000145348
000000505279
000000250517
000000511869
000000176386
000000184659
000000521964
000000131979
000000238245
000000237337
000000425847
000000006811
000000126375
000000361088
000000266491
000000163818
000000416308
000000473035
000000490851
000000298138
000000530762
000000556851
000000501307
000000403891
000000278101
000000023584
000000114126
000000362553
000000380182
000000535668
000000328628
000000023735
000000071376
000000098355
000000325410
000000144007
000000579602
000000285342
000000410779
000000213905
000000392750
000000047658
000000033240
000000146601
000000495160
000000542745
000000444269
000000018312
000000533431
000000327181
000000385661
000000103490
000000133403
000000469355
000000135082
000000129004
000000269364
000000331505
000000048354
000000080941
000000430405
000000019501
000000288379
000000507536
000000276476
000000277426
000000572448
000000161697
000000496424
000000370613
000000166536
000000178577
000000489605
000000365220
000000111873
000000496294
000000026602
000000348941
000000490337
000000500871
000000513053
000000349754
000000091966
000000245660
000000032715
000000203359
000000120491
000000375086
000000228456
000000516471
000000130262
000000004377
000000320370
000000368280
000000342204
000000435951
000000068701
000000412992
000000368435
000000278853
000000007932
000000391685
000000221914
000000564602
000000544876
000000543389
000000519706
000000410272
000000204232
000000432636
000000134888
000000448064
000000387301
000000502140
000000206861
000000212363
000000212602
000000091402
000000518499
000000485933
000000184858
000000321262
000000144503
000000117170
000000292864
000000092799
000000478899
000000455400
000000037705
000000031941
000000138641
000000515058
000000180479
000000201389
000000492648
000000234518
000000130685
000000359746
000000054065
000000500944
000000412464
000000563437
000000127170
000000206417
000000276559
000000098064
000000436354
000000366146
000000049860
000000023363
000000251988
000000333820
000000414002
000000047953
000000105901
000000086907
000000537055
000000247319
000000434583
000000366829
000000488243
000000175284
000000536791
000000400264
000000087889
000000173704
000000560148
000000542817
000000342185
000000083161
000000083174
000000073513
000000389295
000000111606
000000061865
000000034340
000000281922
000000130545
000000080495
000000292538
000000155793
000000512702
000000174594
000000185777
000000170326
000000079554
000000511780
000000460837
000000024932
000000350960
000000143107
000000149817
000000545550
000000516396
000000000673
000000141952
000000088741
000000206512
000000403873
000000555456
000000220270
000000339674
000000068211
000000392967
000000083808
000000422855
000000066877
000000015726
000000296544
000000073536
000000316181
000000319201
000000523436
000000213674
000000283985
000000073045
000000333040
000000143630
000000023538
000000121068
000000569437
000000358211
000000028103
000000279331
000000300239
000000546658
000000181481
000000430898
000000474186
000000127856
000000167337
000000539845
000000056201
000000433055
000000540287
000000560150
000000056292
000000532548
000000362094
000000225129
000000431885
000000106813
000000449455
000000311567
000000156480
000000126538
000000155189
000000186526
000000116755
000000157198
000000026131
000000380292
000000272176
000000323602
000000241591
000000062075
000000579206
000000279577
000000043232
000000192780
000000566690
000000528131
000000366655
000000216454
000000482037
000000378415
000000047837
000000076250
000000050691
000000052700
000000077195
000000492041
000000021587
000000217448
000000105452
000000578332
000000219622
000000032757
000000043206
000000000927
000000104808
000000313214
000000212575
000000027252
000000398869
000000314741
000000324894
000000539247
000000317131
000000270443
000000574731
000000116625
000000095670
000000082929
000000259652
000000510572
000000374371
000000494218
000000404899
000000534565
000000190998
000000282834
000000176362
000000364934
000000374258
000000515274
000000363902
000000481627
000000156630
000000259186
000000313924
000000129433
000000194909
000000550117
000000068788
000000267251
000000416705
000000225036
000000296303
000000297812
000000266298
000000405982
000000171262
000000565446
000000460458
000000112286
000000052543
000000097496
000000191225
000000108313
000000271881
000000368924
000000036318
000000125341
000000051763
000000196566
000000573337
000000564799
000000425798
000000105515
000000121666
000000395718
000000111536
000000142786
000000460507
000000269738
000000239499
000000165752
000000149962
000000517198
000000143764
000000050105
000000542982
000000497466
000000555896
000000455506
000000569758
000000109314
000000109125
000000487897
000000146272
000000468917
000000325532
000000454961
000000276806
000000296564
000000560718
000000514049
000000344921
000000358019
000000486070
000000168533
000000176463
000000161156
000000136202
000000176060
000000301457
000000475182
000000018020
000000101842
000000354721
000000412567
000000251370
000000093506
000000097078
000000123797
000000140152
000000017365
000000204004
000000537297
000000444649
000000240137
000000544373
000000296833
000000211604
000000499396
000000245043
000000170193
000000362232
000000147154
000000087225
000000139429
000000316912
000000182164
000000442518
000000258837
000000179240
000000075775
000000329012
000000275630
000000240062
000000554336
000000273704
000000457207
000000369840
000000528345
000000429170
000000140028
000000217822
000000345390
000000480000
000000119964
000000234577
000000418606
000000535995
000000275708
000000264322
000000518957
000000529311
000000324713
000000084735
000000114340
000000489538
000000564820
000000426350
000000179421
000000378096
000000350335
000000228197
000000129509
000000080927
000000304374
000000164440
000000482574
000000096306
000000336654
000000193663
000000246971
000000519493
000000045267
000000550729
000000193547
000000406224
000000251367
000000539297
000000467875
000000482332
000000275643
000000032603
000000044327
000000362599
000000016827
000000360605
000000290804
000000477906
000000227683
000000167021
000000226243
000000349138
000000158299
000000295441
000000321346
000000181658
000000563355
000000469431
000000470049
000000313088
000000403078
000000534892
000000158876
000000016037
000000308098
000000356863
000000387527
000000508053
000000119057
000000426908
000000255708
000000578698
000000382745
000000308172
000000164635
000000568882
000000196928
000000046764
000000227689
000000210342
000000268966
000000498770
000000050913
000000010243
000000247378
000000006957
000000465605
000000111714
000000317997
000000460339
000000220284
000000476660
000000560350
000000049286
000000307683
000000183594
000000460390
000000310538
000000569301
000000029607
000000554301
000000191721
000000490385
000000350452
000000525015
000000032712
000000406710
000000447913
000000259655
000000463388
000000100345
000000026483
000000340139
000000068751
000000050040
000000578752
000000369449
000000546575
000000431281
000000399408
000000272615
000000489279
000000453250
000000541157
000000453738
000000373960
000000002843
000000369333
000000213677
000000528996
000000287029
000000218113
000000381568
000000023315
000000315111
000000375426
000000130740
000000050058
000000567444
000000410601
000000378521
000000008329
000000394550
000000513461
000000340060
000000190232
000000219565
000000428291
000000143132
000000152588
000000048035
000000070642
000000213829
000000268008
000000334075
000000518025
000000017181
000000114404
000000497001
000000071171
000000460514
000000542839
000000268400
000000570947
000000475754
000000322411
000000521697
000000567881
000000520684
000000558786
000000432453
000000458124
000000244951
000000415109
000000445695
000000358596
000000200945
000000001596
000000297972
000000115511
000000286611
000000193171
000000109502
000000113082
000000263275
000000527578
000000281051
000000368096
000000263083
000000357294
000000161622
000000264482
000000014402
000000069965
000000319704
000000201236
000000243500
000000532211
000000392472
000000089735
000000231748
000000353644
000000470972
000000209544
000000555170
000000424278
000000081748
000000022652
000000379402
000000505705
000000333324
000000504982
000000425283
000000314738
000000449056
000000245802
000000517453
000000245384
000000528840
000000074502
000000371157
000000494409
000000101065
000000002466
000000301317
000000247487
000000304332
000000055202
000000132310
000000244132
000000281230
000000487766
000000444199
000000074386
000000431817
000000328228
000000253962
000000086989
000000308744
000000001290
000000369071
000000190906
000000365858
000000478430
000000398609
000000549490
000000113698
000000540428
000000388066
000000257137
000000050725
000000556822
000000466807
000000229304
000000437282
000000141825
000000324730
000000104827
000000345881
000000575916
000000123312
000000506148
000000289514
000000251234
000000108314
000000432933
000000161941
000000177361
000000101569
000000412330
000000104355
000000009514
000000353411
000000353729
000000050926
000000066273
000000142259
000000306758
000000341230
000000196663
000000097864
000000509700
000000580466
000000265713
000000388974
000000552365
000000228413
000000123286
000000465412
000000228045
000000031851
000000284025
000000059236
000000130677
000000049191
000000467645
000000200291
000000401169
000000377595
000000379820
000000101315
000000414670
000000568560
000000049005
000000314791
000000055594
000000001261
000000369584
000000253148
000000069197
000000482751
000000548393
000000153920
000000352205
000000113571
000000125909
000000141518
000000580735
000000067252
000000478433
000000080517
000000048034
000000146503
000000371703
000000516902
000000536498
000000168353
000000238827
000000568848
000000315249
000000189052
000000082835
000000166236
000000408008
000000461530
000000173245
000000261414
000000021284
000000053665
000000397742
000000083730
000000419453
000000254127
000000434333
000000196723
000000514209
000000022624
000000177160
000000076431
000000373426
000000360231
000000224366
000000184052
000000456863
000000269229
000000459429
000000574236
000000040838
000000393297
000000446688
000000068085
000000519920
000000127629
000000236087
000000272958
000000529455
000000553495
000000257830
000000066238
000000546307
000000524625
000000055707
000000222036
000000436435
000000262286
000000355894
000000000764
000000392781
000000465196
000000044820
000000170937
000000123411
000000090983
000000193328
000000196283
000000282257
000000127240
000000525439
000000446872
000000502749
000000219294
000000549780
000000011737
000000383737
000000409877
000000332582
000000243968
000000024516
000000390773
000000501957
000000279558
000000150208
000000060088
000000074650
000000495528
000000475974
000000165610
000000099265
000000215592
000000116804
000000305962
000000505157
000000167802
000000324497
000000577380
000000460326
000000196817
000000445242
000000080915
000000015260
000000098717
000000536752
000000553487
000000453140
000000327758
000000277916
000000344065
000000210010
000000300326
000000517026
000000438429
000000551338
000000433259
000000528966
000000253955
000000381318
000000162161
000000003865
000000308101
000000225402
000000311271
000000235564
000000149739
000000404546
000000122851
000000192932
000000273917
000000518867
000000378827
000000215334
000000050556
000000359707
000000419863
000000403177
000000146865
000000201970
000000131300
000000472036
000000507293
000000256855
000000434380
000000550643
000000272578
000000192999
000000373683
000000380752
000000321849
000000072376
000000550365
000000320612
000000399876
000000553777
000000494747
000000334787
000000085098
000000256222
000000083619
000000302102
000000175293
000000269306
000000254585
000000387102
000000281829
000000016693
000000359439
000000050827
000000197492
000000481326
000000157603
000000112443
000000134223
000000333615
000000160679
000000448600
000000236484
000000249534
000000374005
000000489028
000000496617
000000240275
000000030274
000000146910
000000563964
000000406404
000000577122
000000035589
000000470254
000000418143
000000463800
000000183386
000000439702
000000284529
000000407505
000000476493
000000212451
000000057885
000000548336
000000021776
000000178370
000000097534
000000012386
000000412009
000000045648
000000355568
000000279693
000000241916
000000193387
000000076491
000000183898
000000385701
000000128539
000000134133
000000322719
000000213125
000000089781
000000207033
000000140633
000000323155
000000573995
000000405013
000000243324
000000457781
000000361171
000000298177
000000257835
000000475939
000000311116
000000489440
000000387375
000000361788
000000441794
000000553278
000000556018
000000120697
000000467145
000000290754
000000490714
000000144906
000000542450
000000154354
000000037865
000000166716
000000122266
000000168587
000000523456
000000217460
000000348202
000000280612
000000566908
000000446354
000000378661
000000127451
000000450856
000000197836
000000403423
000000188815
000000558153
000000368402
000000233064
000000552041
000000581668
000000311615
000000432569
000000349709
000000408217
000000506691
000000393513
000000110431
000000318777
000000544913
000000370624
000000076956
000000568830
000000304260
000000293280
000000027009
000000153711
000000387655
000000032183
000000105027
000000286696
000000054351
000000012805
000000372156
000000165930
000000339307
000000548845
000000341193
000000281074
000000349208
000000249120
000000536933
000000458052
000000327810
000000551763
000000521692
000000181841
000000414927
000000207703
000000266773
000000443618
000000134077
000000306440
000000252384
000000121210
000000148587
000000058335
000000130732
000000081100
000000054642
000000045946
000000139490
000000200563
000000472582
000000090432
000000464214
000000051429
000000343154
000000123511
000000423909
000000555613
000000529806
000000142934
000000019491
000000405534
000000499959
000000152662
000000122317
000000346407
000000214197
000000518843
000000569223
000000049065
000000239808
000000381890
000000320451
000000130885
000000493386
000000022740
000000170127
000000072861
000000525153
000000205125
000000400168
000000461593
000000526028
000000042166
000000518222
000000282720
000000048319
000000463464
000000243434
000000507551
000000208857
000000034214
000000433301
000000469165
000000197001
000000302520
000000241271
000000018059
000000002782
000000244853
000000240211
000000042349
000000469445
000000460296
000000013912
000000017482
000000457436
000000313873
000000137278
000000571185
000000351808
000000293586
000000536274
000000057614
000000443453
000000271259
000000196480
000000296157
000000459258
000000362658
000000349425
000000009451
000000362199
000000034785
000000289095
000000294847
000000374806
000000130171
000000225574
000000024554
000000086358
000000020487
000000062029
000000155794
000000467285
000000301615
000000302885
000000572036
000000517945
000000178443
000000507252
000000245598
000000521655
000000064795
000000553209
000000324923
000000344271
000000487392
000000232050
000000524486
000000111646
000000410889
000000317105
000000337648
000000284012
000000171287
000000146676
000000569901
000000193442
000000514904
000000280184
000000556349
000000141166
000000177356
000000277481
000000091110
000000362764
000000045624
000000084469
000000361924
000000010639
000000100222
000000294451
000000336994
000000038426
000000042956
000000339940
000000313928
000000581056
000000283141
000000433975
000000149196
000000204787
000000437732
000000525264
000000251702
000000565365
000000353237
000000555294
000000147736
000000563535
000000297069
000000491302
000000193677
000000149388
000000564636
000000100990
000000423668
000000310302
000000379488
000000154007
000000216449
000000438788
000000148229
000000272997
000000402887
000000321543
000000369358
000000415798
000000369285
000000066413
000000362547
000000508092
000000503808
000000571791
000000266756
000000035246
000000365755
000000205222
000000350614
000000474601
000000288599
000000074842
000000171737
000000360480
000000482122
000000091849
000000211707
000000068252
000000424271
000000011159
000000428896
000000003310
000000246932
000000581446
000000112409
000000229976
000000345972
000000181851
000000399064
000000560902
000000210890
000000013020
000000137230
000000416603
000000467469
000000160840
000000324638
000000135554
000000118186
000000278280
000000521602
000000180613
000000437298
000000504057
000000154987
000000194663
000000534694
000000345100
000000393864
000000562807
000000019797
000000255969
000000465530
000000266240
000000375321
000000237783
000000372943
000000380330
000000419474
000000277174
000000356748
000000196197
000000214961
000000352125
000000362103
000000010579
000000009885
000000139952
000000325328
000000050820
000000072095
000000537520
000000371058
000000509883
000000396418
000000407318
000000151822
000000411044
000000052751
000000241345
000000315381
000000361381
000000018048
000000234527
000000235912
000000008519
000000053911
000000401140
000000501420
000000288403
000000191949
000000208132
000000001168
000000015947
000000448274
000000382041
000000210654
000000550815
000000220457
000000066883
000000214216
000000019292
000000071855
000000133291
000000453932
000000018401
000000189301
000000369019
000000316585
000000468972
000000429455
000000507318
000000074838
000000514598
000000217205
000000034428
000000490084
000000566432
000000183166
000000257336
000000049891
000000197265
000000352729
000000578089
000000343255
000000138977
000000113142
000000158293
000000051174
000000430388
000000020765
000000126583
000000477195
000000091451
000000461255
000000470364
000000533750
000000549721
000000078762
000000104211
000000044946
000000105812
000000146127
000000113945
000000390447
000000205297
000000040534
000000051771
000000063812
000000042297
000000106244
000000110926
000000209191
000000154965
000000368629
000000068743
000000302428
000000558764
000000219739
000000058601
000000324112
000000093916
000000009488
000000492314
000000260516
000000188945
000000010094
000000168506
000000285844
000000022658
000000302576
000000030549
000000294264
000000037944
000000303585
000000322103
000000151250
000000240608
000000088640
000000510559
000000007535
000000116389
000000417742
000000075982
000000470801
000000301614
000000460673
000000367519
000000172370
000000429536
000000012938
000000309915
000000441701
000000461880
000000517889
000000281924
000000229947
000000083682
000000283631
000000235152
000000491058
000000191408
000000557944
000000213132
000000257328
000000463179
000000102256
000000483449
000000205157
000000020651
000000457021
000000478052
000000243044
000000361046
000000253838
000000485267
000000283947
000000495445
000000300993
000000163176
000000025609
000000325441
000000312671
000000563920
000000246782
000000340673
000000023451
000000025755
000000221343
000000150317
000000200782
000000147140
000000105865
000000253159
000000000564
000000488792
000000158625
000000008574
000000455691
000000139831
000000236085
000000386112
000000365663
000000237282
000000330341
000000239235
000000362816
000000255374
000000200778
000000403948
000000090830
000000121867
000000392629
000000370836
000000350240
000000515682
000000443363
000000505876
000000351301
000000500946
000000392611
000000084386
000000348162
000000036544
000000022374
000000059623
000000264091
000000363514
000000352401
000000090744
000000342277
000000056848
000000401450
000000504235
000000043411
000000289871
000000436168
000000377613
000000000127
000000012147
000000099851
000000384924
000000383890
000000411557
000000136141
000000002624
000000369598
000000284789
000000514529
000000240195
000000129586
000000334083
000000428391
000000012434
000000553071
000000165945
000000483833
000000223020
000000456500
000000517109
000000247065
000000184315
000000526800
000000581036
000000126995
000000330205
000000232524
000000026625
000000089978
000000132670
000000554275
000000142357
000000485129
000000191609
000000393438
000000140988
000000563730
000000373036
000000181179
000000273159
000000191342
000000549910
000000110574
000000429226
000000574052
000000361850
000000489461
000000190530
000000208931
000000297045
000000044741
000000570694
000000160629
000000301671
000000368093
000000027353
000000370399
000000427189
000000073857
000000143158
000000103125
000000175593
000000122537
000000263515
000000331592
000000437944
000000548288
000000210431
000000473281
000000267182
000000175847
000000152158
000000394245
000000495304
000000132132
000000523799
000000528937
000000493859
000000282557
000000126408
000000570255
000000231103
000000365784
000000265719
000000495374
000000360678
000000196365
000000084949
000000146420
000000051800
000000266496
000000259309
000000220834
000000274907
000000111749
000000516595
000000462984
000000099583
000000151466
000000389608
000000064307
000000480723
000000071339
000000384029
000000149921
000000098689
000000152015
000000464174
000000559900
000000148101
000000359865
000000331072
000000046269
000000348524
000000340622
000000317939
000000414934
000000356276
000000101904
000000420234
000000113026
000000011567
000000524844
000000548451
000000062566
000000080690
000000558864
000000472024
000000139945
000000015029
000000129511
000000071684
000000556824
000000301649
000000420396
000000401027
000000316477
000000441432
000000353581
000000264320
000000421146
000000282868
000000544329
000000537069
000000125597
000000327404
000000145161
000000400983
000000088274
000000021143
000000020444
000000268146
000000325027
000000468457
000000412571
000000021235
000000215655
000000490247
000000079269
000000150331
000000430798
000000454158
000000384780
000000083217
000000311022
000000365306
000000103366
000000192345
000000174229
000000547041
000000110886
000000130849
000000412365
000000208817
000000091257
000000498263
000000235253
000000222101
000000233497
000000216863
000000121211
000000207654
000000445055
000000254225
000000574507
000000545920
000000079217
000000570225
000000064736
000000333855
000000568675
000000072944
000000108649
000000343867
000000136908
000000485374
000000022796
000000518774
000000026981
000000545257
000000444337
000000563987
000000175101
000000064705
000000483757
000000446597
000000460043
000000510161
000000134538
000000380351
000000249770
000000228611
000000254292
000000335871
000000363951
000000033633
000000544738
000000202998
000000506458
000000412200
000000434767
000000321182
000000137635
000000501263
000000429991
000000349511
000000294977
000000056396
000000351855
000000382142
000000300578
000000360475
000000090216
000000165688
000000110156
000000262869
000000074577
000000393004
000000466561
000000057849
000000070812
000000313803
000000523211
000000028463
000000558840
000000255577
000000099008
000000379987
000000120969
000000387750
000000100226
000000140717
000000144618
000000577206
000000348982
000000310150
000000036460
000000308592
000000262531
000000270290
000000184470
000000049974
000000166987
000000143263
000000308524
000000316807
000000242361
000000123336
000000381723
000000247106
000000295668
000000036349
000000563999
000000214373
000000495443
000000223078
000000484013
000000168409
000000245999
000000231052
000000001781
000000123190
000000394879
000000523140
000000081576
000000260110
000000231609
000000285138
000000189949
000000448897
000000063791
000000238709
000000081296
000000482750
000000008095
000000437605
000000323370
000000198764
000000385896
000000209480
000000028287
000000363719
000000106832
000000495388
000000191096
000000122436
000000458621
000000366499
000000410056
000000498436
000000098115
000000485868
000000336102
000000169718
000000004827
000000026583
000000269037
000000307970
000000132395
000000558271
000000350755
000000353186
000000493845
000000157049
000000580137
000000415016
000000413289
000000297018
000000335834
000000265819
000000452767
000000158583
000000118572
000000423875
000000338910
000000415889
000000504616
000000574215
000000563717
000000365305
000000009941
000000296883
000000238498
000000381602
000000147259
000000156213
000000438297
000000132668
000000157220
000000385326
000000003703
000000190991
000000426640
000000430192
000000581831
000000053702
000000285614
000000050756
000000232627
000000577378
000000365711
000000081201
000000020598
000000475403
000000350344
000000369491
000000126534
000000201664
000000211737
000000399702
000000397414
000000517612
000000400644
000000050910
000000327114
000000454457
000000107001
000000524924
000000294605
000000386539
000000154090
000000505100
000000007519
000000230404
000000261757
000000463576
000000025649
000000218784
000000407405
000000204467
000000112922
000000301870
000000553401
000000440539
000000441472
000000176852
000000553396
000000327970
000000572602
000000395863
000000380493
000000371672
000000361030
000000101586
000000129129
000000473915
000000504909
000000018194
000000429357
000000514440
000000517794
000000509547
000000429913
000000052270
000000053464
000000057591
000000018045
000000258101
000000416524
000000324891
000000228392
000000186131
000000421873
000000526804
000000559209
000000327234
000000278715
000000410509
000000090344
000000412931
000000020349
000000332958
000000479501
000000562906
000000447741
000000105782
000000134755
000000553313
000000256278
000000295245
000000355956
000000427941
000000490129
000000154095
000000281920
000000041482
000000564982
000000411443
000000349964
000000214391
000000376521
000000277990
000000504606
000000396082
000000422586
000000176085
000000432981
000000082220
000000072583
000000475613
000000366665
000000006220
000000156512
000000083669
000000031151
000000408795
000000097895
000000502407
000000088870
000000447182
000000523937
000000121174
000000264608
000000121442
000000051335
000000079754
000000177919
000000270524
000000041231
000000055857
000000515275
000000377252
000000122527
000000439560
000000571198
000000342495
000000027191
000000051040
000000316663
000000295082
000000329724
000000223595
000000119621
000000039629
000000025576
000000086584
000000471783
000000130440
000000262545
000000046630
000000416048
000000263574
000000446108
000000137571
000000001390
000000527533
000000263073
000000511121
000000280228
000000533402
000000199618
000000062716
000000075327
000000364522
000000157651
000000577076
000000154124
000000477797
000000409603
000000312789
000000262113
000000180131
000000024133
000000579374
000000433792
000000333014
000000496253
000000018785
000000533176
000000345288
000000442997
000000377467
000000303314
000000150948
000000418949
000000013302
000000157588
000000498449
000000542820
000000489909
000000048442
000000244291
000000528493
000000065888
000000363058
000000440092
000000309949
000000066566
000000337579
000000367553
000000438004
000000430285
000000103252
000000142352
000000558510
000000311846
000000202400
000000076518
000000126972
000000205846
000000068973
000000465963
000000234347
000000469650
000000337079
000000055516
000000391481
000000409966
000000320978
000000305278
000000180460
000000417487
000000221422
000000250698
000000434084
000000178403
000000231310
000000527863
000000252443
000000451859
000000304627
000000413349
000000185598
000000041638
000000033883
000000565149
000000458752
000000354616
000000410082
000000096008
000000445405
000000428995
000000293510
000000133327
000000455879
000000145452
000000427464
000000176385
000000285076
000000346687
000000375219
000000062872
000000154564
000000305060
000000096625
000000087569
000000141574
000000566550
000000568203
000000290698
000000366753
000000123462
000000082083
000000575490
000000151833
000000578900
000000286151
000000254431
000000478902
000000155245
000000253485
000000176996
000000458022
000000078550
000000093730
