000000169800
000000370038
000000324654
2010_001987
000000571964
000000409226
000000023935
000000532577
000000142080
000000227587
000000318175
000000283611
000000049236
000000379678
000000281377
000000493278
2008_007507
000000097564
000000163068
000000388034
000000310411
2009_000232
000000299039
000000067143
000000421457
006088
000000442298
000000469779
2010_005223
000000392664
000000541911
000000356866
000000247180
000000288519
000000156759
2008_006298
000000320059
000000329762
000000160126
2010_003551
2008_008223
000000567789
000000116892
000000042342
000000444765
2010_000255
000000093382
000000241963
000000157989
000000301148
000000028273
000000002124
000000258182
000000283534
000000504034
000000477135
000000009148
000000232086
000000307234
000000323389
000000032068
000000347727
000000091402
000000137964
000000516417
000000402970
000000473993
000000343748
000000042406
000000185848
000000512007
2010_000914
2011_002414
000000479723
000000504566
000000131969
009445
000000121196
000000151801
000000561199
000000481178
000000111182
000000539023
2008_007469
000000276853
000000192808
000000270160
2010_003257
000000289821
000000080713
000000016032
000000536831
000000104421
000000130749
000000095651
000000454209
000000265173
000000510559
000000504160
000000104432
000000465369
000000421661
000000193171
000000408138
000000305635
000000487722
000000074599
000000359203
000000249362
000000187187
2009_002144
000000142824
000000485689
000000144022
000000328842
000000423114
000000212584
000000026041
000000571764
000000439518
000000272255
2009_001594
000000050753
000000404766
000000095106
2008_005633
000000387393
000000097767
000000097825
000000566931
000000403258
000000396642
2010_005096
000000461915
000000188478
000000397628
000000352418
000000517399
000000017613
000000125109
000000348186
000000189095
000000136433
000000407590
2011_001232
000000030381
000000481349
000000123580
000000492943
000000461609
000000015273
000000170440
000000275604
000000252911
000000224530
000000087604
000000155049
000000179151
000000158497
000000211520
000000510791
000000096473
000000190828
000000405620
000000214870
000000393592
000000263178
000000113334
000000258337
000000125707
000000483306
000000017236
000000559875
000000422744
000000401393
000000465862
000000129672
000000317863
004312
2011_001341
000000295082
000000364911
000000083641
000000046211
000000385765
000000329026
000000144079
000000059106
000000035012
000000180480
000000350930
000000354938
000000246318
000000061852
000000201555
000000401041
000000256569
000000165086
000000430192
2008_003701
000000199594
001259
000000084230
000000209989
000000246014
000000281160
000000230345
000000271930
000000524672
000000028114
000000198017
000000402650
000000120207
000000066144
000000542573
000000308579
000000399703
000000090196
000000498610
000000440935
000000083873
000000040130
000000486839
000000572401
000000348826
2010_000002
000000061773
2010_005394
000000285800
000000494217
000000417716
000000096461
000000399472
000000216176
2008_002279
000000169226
000000416237
000000038274
000000140661
000000574922
2009_000350
000000345225
000000447456
000000427493
000000451172
2008_005304
2011_001010
000000313779
000000517931
2008_002177
000000280858
000000238589
2009_002938
000000267348
000000246409
000794
000000464456
000000103227
000000255226
2010_003673
000000209266
000000004066
2010_002702
2008_007588
001311
000000070904
000000498453
000000336910
000000112697
000000067729
000000026662
2008_006117
000000235081
000000437465
000000230428
000000363486
2009_002319
000000457427
000000218196
000000251379
000000335874
000000185906
000000114598
000000262239
2010_001690
001752
000000101180
000000137134
000000488883
000000466307
000000310981
000000031443
000000422640
000000496747
000000565722
000000296040
000000015726
000000465347
2010_004481
000000414516
000000207543
000000386414
000000376970
000000358921
000000248191
000000291526
000000393730
2010_002602
000000068028
2009_005119
000000371260
000000565875
000000474832
000000024197
000000522105
2010_005565
000000569079
000000183650
2008_008166
000000542853
000000055517
000000220989
000000368588
000000036797
000000437852
000000181173
000000058153
000000016238
000000521088
000000401028
000000230598
000000156328
000000381759
2008_004477
2009_002216
000000383401
000000377669
000000243627
000000217216
000000099707
000000062716
000000565286
000000100196
000000002890
000000229622
000000575842
000000573778
2009_000416
000000034580
000000326465
000000335581
007916
000000089187
000000034816
000000290698
000000214046
000000451519
000000568135
2010_005573
000000407457
2009_001364
000000473929
000000165265
000000014070
000000371808
2009_001507
000000382287
000000363581
003861
000000127967
000000397219
000000179964
000000030665
000000136411
000000097540
000000030303
000000087677
000000522413
000000167184
000000345630
000000041340
000000393241
000000560561
000000523456
000000275961
000000295614
000000281012
000000324339
000000210848
2008_005166
000000055066
000000215866
000000457394
000000067663
000000318361
000000456149
000000291402
000000276105
000000550534
000000457659
000000561761
2011_001863
000000054304
008299
000000156776
000000505546
2009_000558
000000224662
000000173887
000000279097
000000414576
000000510405
000000372768
000000512950
000000268430
000000288513
007376
006671
000000417416
000000489199
000000344353
000000407198
000000438728
000000275544
000000397148
000000581486
000000169494
000000563364
000000012418
000000407289
000000068570
000000436521
000000327746
2010_000571
000000296825
000000529905
000000507438
000000111705
000000186697
000000071807
000000059947
009878
000000476517
000000395714
000000537604
000000053958
000000063845
2010_004023
000000325362
000000429580
000000545323
000000572487
000000381858
000000004711
000000066737
000000279543
2011_000427
000000276740
000000098656
000000340771
000000572283
000000306908
000000038380
000000174211
000000304558
000000209662
000000193112
000000315104
000000451356
000000093959
000000181867
000000257387
000000520940
2011_002113
000000335411
000000099387
000000511179
000000176563
2008_008519
000000352426
000000106851
000000310711
000000116588
000000536786
000000235687
000000403891
000000193246
000000174157
000000385103
000000333134
000000179727
000000143554
000000461015
2008_002000
000000465735
2010_003966
000000317819
000000123312
000000272480
000000460514
2010_000675
000000209089
000000106033
000000313506
000000482545
000000308847
000000396194
000000169962
000000551279
2010_000855
002096
000000242387
008213
000000073721
000000192306
2008_007246
2009_001683
000000479858
2010_000908
000000017755
000000137730
000000012664
000000345380
000000113367
000000432508
000000261043
000000460460
000000039520
2008_004406
000000124992
000000174751
001027
000000466665
000000581396
000000248948
000000352184
000000482432
000000019247
000000149036
000000093444
000000199458
000000161222
000000106351
000000279195
000000240405
000000235919
000000540858
000000302989
000000427471
000000196766
000000172021
000000435326
000000431236
000000229837
000000110136
000000408206
000000022954
000000497386
000000085700
000000361248
001464
000000576247
000000243724
000000216303
000000438026
000000398494
2011_002184
000000524257
000000005569
000000173994
000000319616
000000024563
000000368154
000000304725
000000365313
000000474471
000000158747
000000396519
000000270639
000000331551
000000518601
000000379173
000000047882
2009_002876
000000371426
000000061672
000000203163
2009_003663
003382
000000097861
2010_002191
000000016879
000000269784
000000048189
000000401957
000000268042
000000305705
2010_004325
2008_007985
000000426602
000000199422
000000229832
000000108572
000000040830
000000049673
2010_006082
001110
000000148824
000000079754
000000232544
000000111842
2011_001081
000000127603
2008_007690
000000193025
2008_008192
2009_000017
2009_004655
000000015179
000000029732
000000179242
000000492535
000000080187
000000399600
000000216618
000000287519
000000390463
000000269996
000000174474
000000184210
2008_003083
000000426680
2009_003867
000000371412
000000074945
000000445113
000000030608
000000278638
2010_000786
2008_001401
000000249141
002376
000000083097
000000062613
000000263270
000000484929
2009_004168
000000133278
000000352841
2010_004226
2010_003532
000000147174
000000331339
000000419848
000000437944
000000093720
000000480812
000000109427
000000248912
000000337883
000000270440
000000284469
000000350449
000000239331
000000043251
004951
000000183336
000000478857
000000351430
000000257632
000000008746
000000224878
000000024095
000000307757
2008_005010
000000349321
000000455037
000000035974
000000371490
000000040924
000000539287
000000563040
000000238347
000000333978
000000504487
000000011360
000000450856
2008_007273
000000235062
000000553507
000000078836
2009_002040
000000214908
000000208727
2008_007837
000000547745
009193
2010_002676
000000236611
000000512400
000000158333
000000429371
000000398514
000000007643
000000483041
000000347292
000000272194
2009_003023
000000335385
000000205960
000000015559
001858
2008_003609
000000532766
000000454832
000000229107
000000403278
000000357810
000000233955
000000141952
000000524522
000000387796
000000417616
000000544485
000000163012
000000298637
000000055318
2010_000295
000000211317
000000385108
000000234161
000000188388
000000112747
000000188143
000000191400
006848
000000025293
000000081363
000000445461
000000170295
000000558835
000000217661
009734
000000288654
000000377339
000000450598
000000515464
000000568237
000000352751
000000544857
000000044251
000000233615
2009_001376
005590
000000130966
000000498533
000000068223
008422
2009_003975
2008_000880
000000193332
000000462819
001130
000000068688
000000070490
000000356708
000000149233
000000287228
000000306353
000000473260
000000214007
000000263504
000000350077
009398
000000064551
000000342797
000000504020
000000188482
2008_000222
000000405534
000000458751
000000433605
000000406732
000000435598
000000077926
2009_000471
006428
2008_003232
000000142386
000000238245
000000296809
000000409369
000000157271
000000527092
000000487942
000000236182
000000413989
000000043226
2010_004756
000000217103
000000010929
000000035951
2009_000662
000000323819
000000507091
000000449856
000000102004
000000535056
000000271324
000000267762
000000303076
000000200339
000000237655
000000071678
2008_004505
000000086514
000000510734
000000556666
2009_000309
000000209731
000000498427
000000292315
000000114701
000000123514
2010_005054
000000179724
000000435141
000000029320
000000334614
000000330262
000000499339
000000464372
000000216387
000000461130
000000509402
000000094538
000000462376
000000251181
000000208548
000000318677
000000467126
000000053123
000000223977
000000072927
000000577928
000000034212
000000014824
000000355471
000000250155
000000043829
000000369349
000000439817
000000285893
000000465814
000000107305
000000239888
000000227960
2009_000027
000000395822
000000426835
000000008019
2010_003950
000000201405
000000329012
000000401561
000000236486
2008_001379
000000303586
000000094194
000000267647
000000111737
000000005373
000000085491
2010_003241
000000384993
2011_000572
000000575395
000000379836
000000540922
000000171269
2009_002176
000000332537
000000026165
000000510484
000000274559
000000554037
000973
000000014477
000000432417
000000195851
000000257036
000000282658
000000406026
000000201492
000000324033
000000340170
000000542950
000000479057
000000533811
000000093579
000000302213
000000059648
000000419333
000000418684
000000308758
2011_001950
000000517515
000000526133
000000316407
000000189559
000000267988
000000349525
000000524404
000000200837
000000249246
000000223870
000000324427
000555
2008_001872
000000117321
000000240111
000000022708
000000533688
000000543322
000000008385
000000325369
000000279450
000000574130
000000044928
000000321810
000000297537
000000449197
000000218399
000000224020
000000033939
000000242982
000000063661
000000223871
000000367164
000000453903
000000490001
000000263189
002520
000000300624
2010_001317
2008_004450
000000500465
000000204448
000000079512
000000496513
000000232339
000000012016
000000030699
000000382729
000000016543
000000389392
000000167741
2010_000922
000000470321
000000011320
009580
000000501624
000000339404
000000570705
000000393699
000000198240
000000328270
000000369470
2010_001390
2010_001326
007885
000000022008
000000568972
000000106755
2008_008127
000000476339
000000461507
000000447075
000000103773
000000577869
000000215563
000000025743
005920
000000421139
000000347507
000000144534
000000262124
2010_001117
000000055753
000000114286
000000303652
000000059024
2009_001890
000000161930
000000182385
000000491765
000000161231
2010_005006
000000227952
000000491684
001287
000000351705
000000394801
000000294209
000000099794
000000220355
000000318330
000000106397
000000191721
000000160900
000000065968
000000199952
000000403253
000000012108
000000557568
000000035672
000000386400
000000477563
000000374241
2008_008735
000000225153
000000206927
000000091839
000000402514
000000065177
000000242926
000000461535
000000561337
000000413096
000000105951
000000219174
000000326484
000000014938
000000047458
000000466425
000000331588
000000073192
000000288150
000000435698
2008_008665
000000349322
000000068356
000000178872
000000000757
000000551427
000000187465
000000079333
000000206700
000000246875
000000215135
000000252504
000000352360
000000369249
000000420124
000000087328
008095
000000000797
000000417822
000000197273
2010_000785
000000476191
2008_008767
000000200476
000000292187
000000350299
000000136111
000000154869
000000106641
000000229156
000000219771
000000086835
000000429620
000000073568
000000532414
000000515424
000000193373
000000294309
000000488367
000000537248
000000515202
000000245631
000000379401
000000472181
2010_002039
000000379093
000000570805
000000248835
000000247475
000000542715
000000565257
000000563986
000000332692
2009_005299
000000562253
000000199358
000000409855
000000399862
000000011294
000000268577
000000529542
000000467135
000000019957
000000289428
000000553660
000000037282
000000396337
000000265253
000000348015
000000392326
2008_003772
000705
2008_003283
000000007174
000000533603
2009_004140
000000037174
000000313285
000000426556
000000345658
000000035190
000000089112
004905
000000315462
000042
2011_001138
000000346164
000000230289
000000078986
000000530019
000000305647
2008_004770
000000100558
000000523955
000000327262
000000143749
000000285046
000000177524
000000055033
000000201989
000000411645
000000135436
000000167995
000000457824
000000324286
2010_005847
000000386111
000000481652
000000274651
001074
000000421254
000000078633
000000049731
000000311469
000000169097
000000463653
000000505661
000000347506
000000486168
000000190475
2009_004248
000000325915
000000027763
2008_006609
000000404437
000000574507
005992
2008_007758
000000278823
000000534979
000000003481
000000254879
000000334021
000000202918
000000533596
000000190117
000000295423
000000001355
000000203905
000000344498
000000288948
000000101959
000000340318
2008_006616
000000170327
000000044140
000000402410
000000115618
000000299381
000000335844
000000279078
000000333683
000000287512
000000434389
000000475361
008983
000000108840
000000261273
000000225717
2008_000064
2009_002836
000000392330
000000227903
000000450749
000000345625
000000354839
000000123836
000000007325
000000465265
2008_000804
000000109076
000000083878
000000425839
000000057745
000000235390
2009_004626
2008_006099
000000338291
000000328299
2008_002084
000000221746
2011_002422
000000469587
000000334523
000000210849
000000400377
000000388347
000000188310
000000047752
000000122469
000000305175
000000265085
000000094485
000000554152
000000457796
000000185719
000000374072
000000354221
2008_008666
000000301415
000000294397
006883
000000067757
2009_004784
000000328743
000000270179
000000327337
000000454269
000000296994
000000355629
000000352063
2010_001085
000000329613
000000254520
000000355603
001775
000000505035
007334
000000169054
000000287027
001402
000000524725
000000156747
2010_004335
000000052341
000000480717
000000380780
000000533159
000000297956
000000255576
000000072650
000000100300
000000060911
000000085215
000000551299
000000498645
000000065643
000000483620
000000203697
000000269394
000000225363
002776
2009_000022
000000241141
000000479727
000000433998
000000230336
000000305826
000000400880
000000366405
000000498721
000000135664
000000178526
000000486986
000000044774
000000472344
005641
000000499786
000000508115
000000280850
000000314126
000000544198
000000205504
000000221116
002415
000000393503
000000418737
2010_004501
001341
000000149817
000000111010
2009_001368
000000435466
000000180274
000000240087
000000047936
000000289813
000000209925
000000319731
008982
000000495388
000000463470
000000280857
000000339278
000000149414
000000208196
000000147539
000000401828
000000198977
000000282711
000000169500
000000005883
000000126323
000000580117
2008_003624
000000216649
000000102735
000000558475
2008_002434
000000556938
000000070134
000000375769
000000211487
007144
000000274012
000000555896
000000276332
000000118956
000000054295
000000542866
2008_007693
000000093434
000000373148
000000141654
2010_000721
2010_004182
000000206685
000000069675
000000036484
000000376667
000000160233
000000252610
000000471261
000000531069
000000379649
000000467705
000000025508
000000166069
000000397522
000000381065
000000433387
000000152543
000000572525
000000207349
000000560297
000000277623
000000175334
000000406662
000000202389
2010_005993
000000345848
000000308549
000000069009
000000258331
000000183256
008499
2008_000466
000000365021
000000531739
000000468471
004229
000000309829
000000290896
000000213527
000000497915
000000236671
000000210883
000000355035
000000342662
000000294937
2010_002723
000000155775
000000430523
000000192216
2009_004782
2008_004348
000000347113
000000416878
000000307847
000000140152
000000153205
000000570567
000000155751
001104
000000338549
000000310645
000000017566
000000049716
000000228172
000000170751
000000304566
000000389921
000000319134
000000083283
000000365312
000000223599
000000184274
000000075296
2008_002638
000000476848
000000510842
2008_006948
000000130812
008342
000000121366
000000175210
2008_002258
000000392511
000000369859
000000369557
000000241156
000000463330
000000544384
000000475995
000000485342
000000331074
000000056266
000000100698
000000409667
000000087735
000000524387
000000359546
000000173772
000000039434
000000316825
000000540196
000000283500
000000261729
2009_003056
000000345833
000000567454
000000275413
000000545114
2008_003989
000000354993
009819
000000170045
000000096107
000000293271
000000009226
000000039802
000000000368
000000419449
2009_000597
000000047074
000000502726
000000549471
000000354389
000000321234
000000070502
000000420747
000000205605
000000275695
006374
000000097729
000000378905
000000372554
2009_001723
004839
000000355221
007749
000000511301
000000071970
000000070987
000000005471
008880
000000202653
000000177899
000000087929
2009_001837
2011_002228
000000533897
2010_001682
2010_001299
000000449947
000000267972
000000318570
000000243857
000000232250
000000164655
000000094052
000000044263
000000111422
000000548734
000000094558
000000361959
000000425798
000000549754
000000027285
000000323950
000000219737
000000313372
000000294847
000000138207
000000069536
000000243820
000000065842
000000018559
000000185591
000000086432
000000364467
007263
000000407346
000000354819
000000146274
000000300147
2009_000028
000000259565
000000168145
000000106352
000000105220
000000381633
000000386623
000000199469
000000558641
000000455081
2010_002295
000000526594
000000571848
000000215113
000000114474
000000202782
000000139000
000000132038
000000168617
000000482346
000000409982
000000086358
000000306440
000000251439
000000223315
000000071677
000000551823
000000497788
000000007145
000000222831
000000124907
000000005669
000000490337
000000562989
005387
000000421777
000000329789
000000179667
000000137763
2010_002868
2009_004511
000000442761
000000562075
004259
000000113952
000000241214
000000417476
000000562008
000000524369
000000437597
000000001811
000000248353
000000207196
000000461560
000000009960
2010_004816
000000363570
000000410808
000000381117
000000267969
000000167802
000000323715
000000088538
000000260257
000000575469
000000533864
000000198327
006338
000000345168
000000151830
000000016015
000000011107
000000366268
000000150958
000000226125
000000125321
000000410005
000000288592
000000053004
000000530945
000000481144
000000262756
000000307073
000000233405
000000054943
2009_000981
000000075427
000000524502
000000244853
000000206932
000000391748
000000123692
009855
000000076776
000000224396
000000119210
000000115692
000000544456
000000110618
000000212868
000000128142
004396
000000177925
000000494383
000000487286
000000040129
2008_004611
000000286723
000000407039
000000173595
2010_005448
000000069944
000000544568
000000394892
2010_003745
2009_000188
000000326217
000000465223
000000184536
000017
000000156604
000000034866
000000339006
000000076681
2010_003879
000000072632
000000115681
000000025145
000000342185
000000088549
000000100140
2008_006671
000000082225
000000356147
000000490620
000000319785
000000440027
000000238051
000000316477
000000275412
000000211312
000000235466
000000443453
000000262619
000000280023
000000499307
000000317244
000000062477
000000317730
000000047164
000000233703
000000504298
000000178751
000000161810
000000354821
000000283045
2008_006275
2011_000888
000000391237
000000027793
000000347950
000000183805
000000556597
000000303847
000000337711
000000415500
000000207739
008042
000000154556
2009_000970
000000245662
000000576030
000000246499
000000439392
000000378344
000000016509
000000266469
000000143064
000000189660
008409
000000450414
000000374717
000000553912
000000236626
000000137320
000000565160
000000559912
000000281674
2008_005032
000000466095
000000348403
000000140918
000000498439
000000571799
000000391754
000000323634
000000221223
000000138977
000000521602
000000413459
007003
000000334587
000000077980
000000544386
003905
000000578813
000000368602
000000514732
000000554767
000000260430
000000087135
000000215298
005928
000000144703
000000240782
000000400204
000993
000000513681
2009_003201
000000564611
000000143382
000000445128
000000182575
2008_005890
000000319061
000000535666
000000255067
000000046538
000000566690
000000047405
000000493741
000000191264
000000411362
000000359270
000000393054
000000054728
000000228604
000000461408
000000204612
2008_001592
000000360101
2010_000318
000000411666
000000024097
000000350712
000000546105
000000576883
000000118239
000000034221
000000079924
000000426996
2008_003321
000000165094
000000316663
000000556246
000000344288
000000050096
000000046059
000000138547
000000070829
000000088455
000000387924
000000020489
000000116663
000000315641
000000389914
003002
2009_002681
000000101110
000000229525
000000493740
000000483751
000000575997
000000144056
000000469010
000000581008
000000273416
000000514683
000000515181
2010_004412
000000394190
000000229564
000000255480
2009_003129
000000111030
000000227178
000000226472
001727
000000349401
000000232227
000000436975
000000152211
000000180794
000000132081
000000503647
000000500579
000244
000000206377
000000483374
000000124360
000000479880
000000410554
000000418221
000000428726
000000475919
000000150955
000000162459
000000037843
000000124117
000000202805
006295
000000208945
2008_008622
2009_003895
000000418270
000000270558
000000431904
2010_005260
2008_004752
2008_008446
000000294747
000000073823
000000053347
000000480894
000000471096
2011_002864
004995
2008_003562
2008_008048
000000278462
000000526701
000000554688
000000235595
000000444235
2010_002429
000000187153
000000153288
000000366480
000000553346
000000169984
000000140613
000000462671
2010_002357
000000287998
008927
2008_005847
000359
003236
000000051095
2010_005632
2008_003776
000000454928
2008_007332
000000045966
000000214450
000000413349
000000224420
000000408048
000000004576
000000046898
2010_000261
2011_003254
000000295197
000000408449
000000116004
000000080522
000000189103
000000118564
000000025343
000000385119
000000552245
000000578308
000000265596
000000082300
000000083626
000000283171
000000547866
000000298938
000000434047
000000291179
000000233395
2008_004541
000000029287
000000367515
000000262446
000000309573
000000580162
2010_002040
000000530599
000000051985
000000548240
000000183991
000000354946
000000256945
000000517619
000000416345
000000268982
000000166120
000000003899
000000030073
000000531334
000000193090
000000149660
000000436844
000000028261
000000246467
000000519552
000000215708
000000356916
000000387685
000000082216
000000572604
000000115967
000000405278
000000268728
2008_002047
000000233901
000000215755
000000144809
2010_005245
000000137042
000000492817
000000098739
000000197090
000000048334
000000457986
000000529777
000000436392
000000007224
000000326863
000000159280
000000454916
000000417870
000000043719
000000301114
000000469914
000000358817
000000030231
000000473052
2010_001487
2011_002993
000000363514
000000014180
000000403224
000000353473
000000079506
000000044250
000000442277
004303
2011_002697
000000156928
2008_003476
000000077533
000000290570
000000387410
000000201241
000000104344
000000445574
000000042697
000000150537
000000013605
000000308507
000000131804
2010_004677
000000353507
000000496294
003603
000000377090
2011_001451
000000338834
2010_001472
000000472444
2010_003714
000000349153
000000171950
000000361763
000000317797
000000107638
000000031641
2009_005076
000000520852
000000294346
000000368986
000000235429
000000026221
000000067785
000000565501
2008_003856
000000471439
000000091942
000000334077
000000545867
000000351968
000000024234
000000260373
000000433938
009717
000000344181
000000218223
000000424982
2008_007201
000000266800
000000561323
000000552199
000000339211
000000080131
000000135907
000000002907
000000340420
000000505733
000000096420
2008_006999
007408
000000288576
000000151877
000000076014
000000243782
000000443349
000000114515
000000262519
000000139004
000000472643
000000502288
000000443209
000000220942
000000547830
000000189241
000000191188
000000095409
000000405569
000000519916
000000242762
000000481357
000000464030
000000456975
000000022564
000000343057
000000238007
000000214244
000000427915
000000376590
000000320467
000000050609
000000126198
000000316365
000000562721
000000537689
000000160844
000000433618
000000341696
000000575909
000000183905
000000155364
2009_002838
000000142269
000000501369
000000505932
000000086435
000000186816
000000334713
2010_003689
000000444493
000000478521
000000079906
000000541856
000000128647
000647
000000187887
000000044830
000000013843
000000458543
2009_002887
000000480240
000000252894
000000340503
000000294527
000000284956
000000206166
000000245415
000000265708
000000077118
000000012803
000859
000000072120
001920
000000433676
004212
000000202532
000000383616
000000087680
000000121142
000000240545
000000435897
2010_004919
2008_004847
000000456462
000000147092
000000098479
000000293002
000000520124
000000366484
000000064121
000000244218
2009_003820
000000197585
000000171371
000000538170
000000279444
2010_005625
000000151831
000000219816
000000514483
000000361394
000000136232
2008_003697
000000327572
000000277061
2010_000583
000000209274
2009_003635
000000063676
000000287216
000000340633
000000557339
000000089906
000000456322
2008_004515
000000341603
000000092761
000000180503
000000389672
000000062060
000000139907
000000329152
000000298224
000000550206
000000212116
000000088757
000000474246
000000191828
000000322160
000000216733
000000357994
000000382797
000000224109
000000541837
000000123614
000000001668
000233
000000085774
000000549971
000000325666
000000522175
000000178361
000000347362
000000160669
000000089765
006161
000000376843
000000505530
000000517972
000000071004
000000034019
000000495160
000000513861
000000271113
000000249936
000000269199
000000522909
000000289740
000000466775
000000428580
2011_000809
000000088663
000000115088
000000029656
000000553876
000000297906
2010_004037
000000431708
000000325494
000000272926
000000527868
000000430086
000000297811
000000253470
000000363639
000000177280
000000058758
000000499871
2009_001257
000000304125
000000052192
000000398615
000000079792
000000561913
2010_005174
000000102718
000000115070
000000220948
000000540529
000000182121
000000088613
2010_005492
000000128377
000000561145
000000464105
000000155449
000000309317
000000480532
000000431133
000000218173
000000442416
000000366931
000000476894
000000200654
2010_005768
000000436564
000000542231
000000525860
2009_004213
000000206387
000000264347
000000342255
000000021051
000000278747
000000178871
000000539897
000000284932
000000579937
000000057940
000000163828
000000131323
000000154798
2008_008292
000000052425
000000516430
000000167359
000000038622
000000404236
000000211034
000000570742
000000343542
000000152499
000000048226
000000346295
000000416516
2010_001534
000000548528
000000483285
000000462342
000000201675
000000072602
000000002964
000000430065
000000276753
000000249836
000000147970
000000528938
009641
000000526555
005899
000000492544
2010_005684
000000011931
000000272578
002763
000000044679
000000005336
000000297442
000000096034
000000083060
000000186109
000000292529
000000002007
000000544481
000000047198
000000385005
000000051606
2008_005043
000000466422
000000306451
2010_002307
000000354540
000000185606
000000012810
000000505622
000000508006
000000036151
002561
000000214295
000000253282
005404
000000216393
000000532612
000000144391
000000060945
000000124456
000000417590
000000105580
000000161996
000000505552
000000083953
000000445908
000000350514
000000076893
000000175011
000000243304
000000544371
000000299550
000000123841
000000464271
2010_004748
000000254637
000000128245
000000446413
000000401440
000000347177
000000441507
000000051990
000000119966
000000417753
2011_001764
000000475336
000000020987
2008_003430
000000301747
2008_007806
000000346774
2009_002366
000000350703
002265
000000251183
000000301581
000000357229
000000054989
000000406543
005290
2009_004656
000000454541
2011_001573
000000373101
2009_002542
000000356788
000000431742
000000550140
000000017312
000000364491
2008_003519
000000058690
000000264699
000000467654
000000063247
000000485616
000000579326
000000204272
000000176440
000000337780
000000323983
000000285395
000000114316
2010_006025
000000534484
000000411225
000000144027
000000028071
000000323213
000000170193
2009_002518
2008_004981
000000217636
000000059142
000000356181
2008_006892
000000254801
000000445832
000000561783
000000435855
000000215984
000000285597
000000321709
000000009017
2011_002027
000000428565
000000112443
000000191096
2010_002369
2008_008083
000000192400
000000543740
000000445338
000000404361
000000541880
000000552417
000000274105
000000318550
000000256690
000000185393
000000336230
000000103338
000756
000000313737
000000004489
000000042320
000000524533
000000521976
000000545288
000000525405
000000173684
2008_000696
000000133279
000000290196
000000085886
000000176785
2010_004222
000000302397
000000224790
009289
000000467262
000000132838
000000255135
000000169200
000000371395
000000264395
000000098748
000000238623
2008_008511
000000147000
2010_005870
2008_001706
000000245996
000682
000000475510
000000247416
2008_000905
000000153150
000000149442
000000567657
000000147042
000000277321
000000463830
000000448267
000000365456
000000414001
000000005913
000000533898
000000260994
000000480683
000000260453
000000500662
000000071726
000000509028
000000221422
2008_007434
000000560581
000000012345
2008_001694
2011_003079
000000067814
000000564612
000000339099
000000330053
000000409784
000000300000
2008_004490
000000013016
000000242074
000000142129
000000499391
000000280490
000000216026
000000431304
000000361464
000000565018
000000321173
000000435109
000000395363
000000171363
000000024081
000000378726
2010_005588
000000394580
000000045089
000000392315
000000359201
007212
000000563938
000000158536
000000067537
000000403222
000000168595
000000456136
2011_000002
2011_001114
000000264365
000000008981
2008_001114
000000244122
2011_000342
000000245272
000000278175
000000387244
000000501022
000000025024
000000015089
000000313605
000000139094
000000312344
2010_005800
000000051894
000489
000000133697
000000033297
000000260025
000000534421
000000151524
2008_007797
000000537069
000000083519
000000038310
000000030395
000000302078
000000107853
2009_003855
000000192500
000000336459
000000490129
000000522342
000000066878
000000072947
000000119320
2008_000512
000000082438
000000173211
000000338143
006995
000000181212
000000402287
2008_007090
000000161084
000000564332
2010_002626
000000092746
000000173925
000000009379
000000337692
009808
000000174358
000000417741
000000568420
000000195317
000000298651
000000432588
000000165395
000000179720
000000469515
000000367608
000000407368
000000479909
000000554621
000000227422
000000328569
000000230884
000000539404
000000234118
000000029563
000000337297
000000293611
000000537861
2008_000309
000000255295
000000484090
000000437892
000000029982
000000503183
000000085817
000000264618
000000031235
000000545727
000000228004
000000519136
000000176466
000000272132
000000256189
006492
000000518266
2009_001509
000000381275
000000329386
000000481828
000000339734
000000502414
000000387678
000000550221
2009_003052
000000023479
000000086560
000000060269
000000389011
000000275835
000000091858
000000499588
000000054065
000000566644
000000489978
000000411559
000000531061
000000577219
000000552066
000000190900
000000560784
000000034500
000000366040
000000579000
000000033601
000000339034
000000554367
000000567652
000000442305
000000436972
000000053870
000000260586
000000147073
000000329551
000000289816
000000190495
000000099536
000000054173
000000414008
000000110250
000000203730
000000494794
000000382261
000000158466
000000094922
000000432527
001011
000000530226
000000149338
000000139973
007530
000000149284
000000438915
000000013182
000000569838
000000540760
000000296690
2010_002408
000000491384
000000282738
000000403454
000000008193
000000005094
000000319654
000000499874
2009_000834
000000550482
2009_004051
000000167003
009325
000000344544
000000208071
000000298699
000000033998
000000406949
000000077378
000000420357
000000315474
000000027282
000000440836
003992
000000025105
2011_001310
000000105865
000000102771
008262
000000482479
000000327047
000000554866
000000054038
000000141482
000000389935
000000111907
000000335976
000000259029
000000029146
000000089999
000000230117
000000460441
2008_006924
2011_003013
000000295408
000000393033
000000106023
000000247269
000000340736
000000127337
000000096048
000000261342
000000535977
2009_000151
000000048707
000000429726
000000558372
000000061945
000000400117
000000098523
000000249856
000000530906
000000300972
000000134703
000000002369
000000083778
000000084825
000000564681
000000470549
2011_000149
000000277990
000000176195
000000134339
000000089225
000000303959
2009_000928
000000050597
000000552755
000000199628
000000092675
000000510572
000000203459
000000384499
000000178279
000000469294
000000068021
000000405742
000000541203
000000175881
000000272217
000000426551
000000024105
000000446732
000000337663
000000041455
000000455809
000000084120
000000394131
000000206741
000000531796
000000110484
000000029473
000000041103
000000142321
000000341133
000000402392
000000240434
000000301029
000000110011
000000294834
000000183352
000000218840
000000335747
000000007593
2008_001399
000000256838
000000382083
000000280702
000000231691
000000375021
000000291321
2011_000556
000000197200
000000051270
000000350174
000000282419
000000098924
000000024507
2008_002817
000000251277
000000273379
000000510719
000000009658
000000175188
000000359481
000000387696
000000562559
000000001122
000000130245
000000203440
000000220372
000000444073
2009_001177
000000280307
000000503148
000000430710
2009_002539
000000576045
000000211683
000000267649
000000041437
000000044911
000000216150
2010_001023
004826
000000374661
000000256220
2009_000974
000000137045
2010_004391
000000003837
000000535234
000000549276
004286
000000294029
000000289752
2008_005774
002767
000000429807
000000448117
000000416528
000000370493
000000204339
000000552156
000000108859
000000075866
000000327039
000000092134
007996
2008_002151
000000057796
000000194158
000000035160
000000018295
000000580870
2009_003042
000000477673
000000341132
000000250232
000000436406
000000182469
000000489023
000000476360
000000225533
001789
000000015427
000000093670
000000290398
000000536996
000000428125
000000506198
2009_002833
000000360334
000000216449
2010_002095
000000302528
000000334285
000000313705
000000278938
000000063084
000000124707
000000227607
000000554587
000000455799
2008_006169
000000254150
000000287718
000000433733
000000273814
002868
004231
000000066995
000000235579
000000503799
000000404460
000000436722
2011_001705
000000558798
000000185125
2009_000553
000000140667
000000407676
000000525085
000000201498
000000080865
000000517362
000000437353
000000074081
000000163962
000000145573
2010_002855
000000215691
000000224419
000000541531
000000278494
000000226461
000000433279
000000360447
000000091725
000000045195
000000203495
000000487217
000000203086
000000347921
000000391499
000000088412
000000475768
000000565716
000000407118
2008_001464
000000067580
000000560172
000000182897
000000005540
000000358070
000000337619
000000056201
000000327149
000000023050
000000154343
000000164502
000000284152
000000281779
000000118710
2010_000621
000000089521
000000438479
000000062865
000000214725
000000126610
000000133428
000000578715
2010_002041
000000015183
000000230600
000000193435
2010_000209
000000320759
000000437303
000000564743
000000444392
000000349376
2008_005244
000000046101
000000404899
000000236897
000000136896
000000556789
000000455363
000000469315
000000436185
000000098693
000000350706
000000191228
000000578482
000000068166
006181
2010_001253
000000168797
000400
000000015797
000000316617
000000217517
000000312003
000000456545
000000177214
000000304570
000000027365
000000331777
000000464859
000000355480
000000473044
000000521663
007101
000000430160
000000082005
000000173722
000000205206
000000459801
2011_001290
000000211909
000000171819
000000400603
000000531765
000000543264
000000307464
000000524233
000000417164
000000547858
000000432053
000000137118
000000532780
000000455340
000000562296
000000090349
000000096161
000000393546
000000468951
000000496530
000000454171
000000059384
000000531803
000000371295
000000508252
000000477862
000000311174
000000059666
000000129415
009524
2009_001853
000000568256
000000073513
000000125142
000000184138
000000271780
000000111716
000000224126
000000545859
000000537919
000000267515
000000351382
000000551470
000000047294
2010_001550
000000217929
000000497160
000000132297
000000547465
000000310070
000000459645
000000540203
000000067455
000000091006
003425
000000137108
2009_002264
000000423234
000000492723
000000280643
000000402880
2011_001536
000000216952
000000006019
000000115384
000000507665
000000517494
000000470697
000000156151
000000101031
000000251591
000000247166
000000420627
000000530719
000000242345
000000046162
000000359719
000000248320
000000509706
000000159240
000000399461
000000102906
000000219594
000000295443
000000027452
000000075270
000000011624
000000203867
000000536933
000000015687
000000205435
000000075090
000000278796
000000073830
000000167027
000000357996
000000458397
2008_004940
000000225183
000000556638
007223
000000351973
000000482472
000000410627
000000234220
000000562575
000000263520
000000511977
000000045912
000000444340
2009_003394
2009_003947
000000128180
000000182497
000000012943
000000289469
000000160610
2010_005031
000000379734
008655
000000073264
000000060403
000000418761
000000316871
000000107234
000000461114
000000485083
000000168512
000000080104
000000061814
000000225511
000000099186
000000358653
000000517855
000000022649
000000191053
000000135984
000000388693
2011_003038
000000076130
000000006871
000000345742
000000171809
2008_003059
000000086169
000000497662
000000360610
2009_003904
000000161244
000000266240
000000299066
2008_000660
000000270172
000000336477
2008_007691
2010_004461
000000575012
000000083190
000000432891
000000058364
005173
000000196035
000000417264
000000460950
000000320780
000000430805
000000440358
000000433311
000000156171
000000281127
000000125746
000000495513
000000067396
000000443593
2008_008345
2010_004033
000000256833
000000091595
000000123855
000000579773
009560
2010_004227
000000057071
000000575490
000000347328
000000075637
006677
000000094004
000000246478
000000440534
000000442646
000000560891
000000235124
000000160057
000000486777
000000242721
000000190994
006269
2010_003491
000000233040
000000387153
000000421791
000000328838
2011_002644
000000305278
000000400274
000000000965
2008_003045
000000265277
000000014635
000000261843
000000129247
000000424124
000000489159
000000299122
000000342122
000000479334
000000493417
2011_000090
000000042024
000000414156
000000116574
000000098502
000000544760
000000496486
000000518769
000000384034
000000271791
000000051630
000000414887
000000520799
2008_008241
009527
2011_000790
000000328785
000000241620
000000177090
000000257713
000000549725
000000566489
000000335326
000000366659
000000182369
000000189304
000000268478
000000395347
000000171467
2008_000239
000000312476
000000347263
000000241076
000000190829
000000021248
000000002258
000000435037
000000426976
000000244096
000000281495
000000579545
000000490489
000000101647
000000401790
000000138401
000000146602
000000529840
000000444794
000000449902
000000228135
000000091378
000000055410
000000228456
000000097936
000000034749
000000325505
000000077426
000000035670
000000071306
000000041616
000000468401
000000416565
2010_000682
000000484110
000000230236
000000027919
000000544005
000000189020
2009_002035
000000504747
000000380520
000000198706
000000523677
004077
000000126856
002155
000000351134
2009_003154
000000308221
000000215803
000000413435
000000264032
000000382148
000000337422
2011_001263
000354
2009_002002
000000200401
000000242709
000000368219
000000320685
2011_001924
000000031566
000000288848
000000044637
000000561004
009656
000000269718
000000463678
000000483956
000000057415
000000407146
2009_003097
000000286302
000000488154
2008_007513
000000544410
000000056892
000000419503
000000257838
000000038886
000000068396
000000504702
000000487349
000000478833
000000545022
009417
000000159331
000000080397
000000319685
000000426096
000000155323
000000073417
000000554815
000000379586
000000192111
000000223146
000000102912
000000538190
000000044277
000000333277
000000185667
000000157804
000000036226
000000570416
2008_004695
000000396905
000000308085
000000189052
000000212257
000000528046
000000114630
000000542915
000000207331
000000131400
000000191893
000000033091
000000078412
000000565155
000000439938
000000072701
000000518553
000000046077
000000264504
000000020367
000000096854
2010_001079
000000307113
000000353320
000000281285
000000333415
000000072002
000000036948
000000197540
000000423116
000000493682
000000536402
000000165742
000000330993
000000313541
000000291873
000000123176
000000331904
000000103692
000000188692
000000148394
000000126538
2008_007916
000000124347
2010_001514
000000148047
000000336563
000000525438
000000490689
000000542881
000000233271
000000238217
2010_002245
000000007772
000000490680
000000027810
2011_002750
000000387948
000000478052
000262
000000469056
000000553030
000000047093
2011_000058
000000522990
000000226518
000000261118
000000022298
000000151184
000000017181
000000136027
007786
000000397599
000000566049
000000198447
2010_004922
000000181518
2010_005738
000000464736
000000353981
2010_001862
000000344857
000000412978
000000144938
000000331230
000000578770
000000299489
000000361205
000000079154
000000208984
000000350623
000000039777
000000133730
000000406908
000000037783
000000087027
000000246327
000000000723
000000500069
2008_007327
2009_000632
000000234616
000000289352
000000243557
000000411669
000000456420
000000121443
000000566488
000000433041
000000327563
2009_001390
000000420066
000000504958
000000300725
000000465422
000000126583
000000532779
000000503321
000000045644
000000379034
000000226897
000000508761
000000543911
2008_004088
000000287406
000000053088
2010_005614
000000437738
000000349709
000000019546
2009_004351
2008_003018
000000064089
005319
000000232049
000000073753
000000236295
000000231932
005358
000000419383
000000396260
000000382945
000000084667
000000411379
000000550572
000000320434
000000274931
000000356912
000000314708
000000260595
000000059079
000000213162
000000028917
000000239536
2011_000499
000000304091
000000255641
000000206068
000000183218
2010_001505
000000345668
000000006981
000000405261
000000131674
000000338012
000000423513
000000550147
000000010645
000000332663
000000354645
000000071754
000000529665
000000169648
000000553962
000000143540
008773
000000535748
000000121222
000000481886
000000404533
000000212575
2010_004735
000000567665
000000131731
2008_004452
000000502554
000000490102
000000030235
000000560819
000000519112
2009_004524
000000152898
000000509269
000000205443
000000434385
000000262049
000000314390
000000447089
000000023541
2011_002779
000000451934
000000515785
000000033300
000000029170
000000129610
000000396366
009177
000000135894
000000031062
000000521101
000000298726
000000027890
2010_004775
000000511644
008386
000000129532
000000035128
000000226559
000000443410
000000430617
000000143927
000000227220
2009_003671
2010_004476
000000511781
000000031919
000000303668
000000403133
000000181734
009481
000000444578
000000110673
000000188847
2011_002726
000000115119
000000309706
000000182503
000000295105
000000233873
000000175102
000000499719
000000513690
2010_004254
000000370918
000000568308
007626
000000215069
000000263913
000000561589
000000416884
000000526196
000000121454
000000082511
000000178254
000000022228
000000066389
000000142299
004430
000000066825
000000037354
000000128644
007558
000000382563
000000461819
000000261448
000000046310
000000094920
000000012382
000000041231
000000194184
000000271424
000000096057
000000481049
000000324979
000000125412
000000447457
000000440527
000000094984
000000307379
000000147122
000000252962
000000005577
009196
000000056065
000000297244
000000161941
000000412899
000000040910
000000408854
2010_002771
000000300303
000000184389
000000491448
000000338061
000000428503
000000395397
000000376701
2008_007986
000000507937
000000555772
000000524822
000000272615
003424
2011_001407
000000142656
000000394330
000000135467
000000360424
000000206704
000000385555
000000005142
000000122937
000000186941
000000342403
000000466771
000000487059
000000473952
2010_005285
000000042089
000000290422
003403
000000131895
2008_001133
000000281665
000000578225
004446
000000292719
000000309492
000000162770
000000035316
000000531552
000000517133
000000502197
2010_004844
000000149202
000000555062
000000284759
000000072315
000000484528
000000568895
000000114052
000000118022
000000285628
009443
000000124067
000000171241
000000204674
000000061535
000000508634
000000037063
000000510391
000000028239
000000113725
000000165036
000000339001
000000526232
000000110616
000000502738
000000099062
000000581220
2009_002779
000000499523
000000452263
000000108384
000000132447
000000174633
009719
000000456217
000000565699
000000070271
2008_006619
002280
000000440611
000000556752
000000293027
2008_006715
002571
000000417259
000000148129
000000530781
000000172196
000000322500
000000523186
000000219312
000000323054
000000176265
000000107584
000000572505
2008_004894
000000307768
000000566746
000000513342
000000103759
000000575901
000000237996
000000192722
000000404424
000000024915
000000478105
2011_000634
000000578789
000000043873
000000193271
000000122421
000000226173
000000368874
000000204657
000000405214
000000042371
000000063328
000000354770
000000162769
000000535660
000000490532
000000203208
000000425790
009710
000000570938
000000269273
000000444233
000000120241
000000399399
000000525980
000000099847
000000143221
000000160875
002140
000000496116
000000360173
000000253873
000000570963
000000183923
000000209544
000000522330
000000575776
000000014487
000000326011
000000544299
000000515854
000000294284
008930
000000476736
000000051829
000000250385
000000314139
000000250771
2008_005429
000000066676
2011_001753
2011_002346
000000410779
2008_000465
000000072906
000000153392
000000025348
000000356949
2011_002543
000000090145
2009_000692
000000321008
000000459200
000000498614
000000533154
000000414397
000000238607
000000037716
000000517889
000000168173
000000274682
000000213694
000000085604
000000493576
2011_000657
000000022857
000000094210
000000042441
000000015653
000000555625
000000008677
000000136641
000000183890
000000296038
002367
000121
000000510449
000000362314
2008_005860
000000142510
000000218201
000000186844
000000002372
000235
000000398772
000000134846
000000446881
2010_000808
000000460642
000000299862
000000300445
000000423966
000000420669
000000036260
000000160899
000000439007
2010_005365
2009_005251
000000419271
000000043614
000000537335
000000335928
000000273205
000000331126
2010_003345
000000160932
000000072187
000000177407
000000097270
000000148144
000000070769
000000173153
000000201698
000000492914
005292
2011_001215
2009_001160
000000028506
000000173324
000000561512
2009_001595
000000194616
000000004731
000000293215
000000449510
000000355301
000000140346
2010_004428
000000187785
000000315092
000000028257
000772
2008_006909
000000193751
000000320770
000000484341
003260
000000267552
000000282707
000000331326
000000289245
000000412419
000000307190
000000430771
000000170730
000000238223
000000512455
000000243173
000000422916
000000418372
000000050410
000000028759
000000568426
000000018794
000000558435
001397
001239
000000297645
000000493792
000000037339
000000535602
2011_000999
2010_003579
000000118342
000000570403
000000190927
000000249418
000000151382
000000050553
000000292596
000000381967
000000522947
000000204390
000000032699
000000173959
000000550246
000000555109
000000404565
000000545000
000000096250
002542
2010_000437
000000347877
000000121920
2009_004273
000000458586
000000395406
000000470381
000000126182
000000577484
000000048974
000000515040
000000067115
2008_007907
2008_004538
000000237487
000000478490
000000238048
2008_003286
004788
000000199539
000000333705
000000354606
000000099269
000000333823
2010_005823
000000493849
000000556527
000000232263
000000389074
000000312126
000000087018
000000058849
000000030065
000000011554
000000484113
000000065859
000000055947
2008_006902
2009_000087
000000317798
000000330084
000000354326
000000384012
000000125586
000000331386
000000166696
2008_007883
000000530132
000000373729
000000456719
007677
000000247114
2009_000029
000000332316
000000039555
000000541391
000000259434
000000379575
000000359791
000000194694
000000273207
000000422161
000000412194
000000290153
000000362108
000000145312
000000296065
000000259249
000000117897
000000114579
002695
000000212824
000000159446
000000460576
000000527922
000000475037
000000516022
000000496897
000000043506
2010_005804
000000429708
000000041087
000000358134
2010_000931
000000174019
000000546962
000000009988
000000028214
000000183398
000000178000
000000476575
000000102620
000000175082
000000012183
2008_008356
000000251314
000000389006
000000135459
000000575361
000000407019
008306
2009_000303
2008_005703
000000369770
2010_004073
000000300169
000000076822
000000386079
000000197888
000000214391
000000575574
000000119114
000000111045
000000011304
000000290113
000000295428
003830
000000288180
007432
000000514531
000000238086
000000058001
000000174738
000000138453
2009_005148
000000562377
000000448426
000000131018
000000370315
000000241809
000000522160
000000515212
000000503980
000000520840
000000553284
000000411690
000000212663
000000572028
000000483766
000000116088
000000139144
000000531998
000000380101
000000216972
2008_005247
000000131450
000000020391
000000197759
000000150212
000000138806
000000503715
000000242789
000000322790
000000106440
2011_002664
000000534459
000000092801
000000386821
2010_001562
000000536595
000000071485
000000208779
000000272160
000000517026
2008_005934
000000491244
000000415076
000000476080
000000467038
003947
000000346877
000000258021
000000202981
000000383651
000000382012
2009_000971
000000246985
2008_006719
000000580585
2010_002899
000000317733
000000158821
2009_002464
000000341039
000000514269
000000297866
000000477243
000000062819
000000032757
000000348157
000000334413
000000450125
007735
000000006720
000000168366
000000360927
000000349017
000000052516
000000543090
2010_003197
000000316759
000000201220
000000517920
000000105027
000000304069
000000459935
000000049199
000000403907
2011_002610
000000086588
000000305626
000000334405
000000145684
000000227724
000000418110
000000312388
000000018819
000000055478
000000412302
2008_008613
2011_000329
000000426070
000000426300
000000307315
2009_004662
000000220234
000000095381
000000075791
000000438560
000000569946
2009_000805
000000369217
000000391088
000000364176
000000509176
2010_003088
000000384316
000000334048
000000295960
000000151523
2009_004346
000000267329
2010_005836
2008_007025
000000000257
000000221909
000000324104
000000455672
000000508208
000000105310
000000363624
2010_000603
000000173245
000000537925
000000428039
000000268146
000000373396
000000337262
000000383329
000000389770
000000016383
000000548958
000000467484
000000137824
2010_000330
000000578168
000000081591
000000060049
000000174802
000000061761
000000121612
000000201886
000000533003
000000192406
000000126728
000000410343
2009_002510
000000366049
000000479348
000000462006
000000515751
000000066126
2011_002965
2010_000989
000000164076
2009_000100
000000408239
000000060043
000000145452
000000577948
000000533989
000000163260
000000571750
000000482446
2010_004968
000000505486
000000330112
000000467564
000000358630
000000156029
2011_001944
2010_001803
000000352651
2010_004010
2009_004513
000000468884
000000397893
000000303788
000000168194
000000420546
000000394050
000000294466
000000499989
2010_002391
000000071044
000000500219
000000334194
000000183972
000000563935
000000101806
000000201622
000000515210
2008_006221
000000225477
2008_004722
000000396421
000000275197
000000284701
000000250684
000000291784
000000082729
000000359149
000000194440
000000109012
000000487225
000000346712
000000377342
000000101239
000000215151
000000033156
000000373880
000000558467
000000293851
000000042799
2011_002719
000000198164
000000456505
000000515876
000000304220
000000056849
000000501263
000000237814
000000066366
000000302252
000000309192
000000002179
000000396932
000000040423
000000169486
000000071217
000000267200
2008_004367
004150
000000523034
000000452535
000000127330
2011_001229
000000228647
2008_002882
000000493114
000000116741
000000087697
000000517626
000000091902
2008_005609
000000173704
000000495081
2011_000404
000000204650
000000401482
000000297323
000000041174
000000398622
000000580082
000000118605
000000466007
000000166532
000000550872
000000509563
2010_000199
000000019182
000000581458
000000535788
000000106392
000000493522
000000162677
000000453602
000000086803
000000163054
000000538916
000000281910
000000428391
000000103232
000000049190
000000444565
000095
2011_002638
000000161603
000000395346
000000503277
000000418882
005864
000000148937
000000463108
000000527365
000000485485
000000253449
000000515670
000000272176
000000555711
006306
000000182903
000000490688
000000467696
000000285089
000000228274
000000205594
000000147894
000000033717
000000337602
000000560841
000000525762
000000378521
000000091541
000000201409
2010_001204
000000340445
2008_005810
000000236725
000000349698
000000270790
000000472872
000000400612
000000166499
000000436438
000000314370
000000515075
000000051620
000000196064
000000515275
000000085288
001200
000000203843
000000000201
000000441385
000000253967
000000029253
000000065087
000000541887
000000129862
2011_000608
000000336181
000000049378
000000077889
000000539242
000000221891
000000276582
000000407260
000000130007
000000489344
000000423128
006314
2008_003733
000000291597
000000010138
000000498890
000000327183
000000053662
000000252382
000000429949
000000442128
000000181179
000000012706
000000282437
000000068623
000000490643
000000180271
000000420146
000000398924
000000000590
000000487851
2008_002650
000000050372
000000209012
000000337354
000000076583
000000534559
000000276168
000000387976
000000294410
000000549188
000000236572
000000387563
2009_000709
000000364067
000000039978
000000388149
000000367074
000000292697
000000181769
000000501442
000000571779
000000082122
000000148274
000000439756
2011_001480
000000282840
2011_000566
2009_005128
000000307502
000000017769
000000213137
000000436941
2011_002897
2010_001796
000000058174
000000190530
000000248116
000000234751
000000454326
000000010681
000000570032
000000010646
000000052948
000559
000000310671
000000188589
000000497042
000000070239
000000519676
000000124135
000000337246
000000217562
2010_005002
000000350837
000000452909
000000220042
000000090708
000000019793
000000554066
000000107571
000000075775
2009_002827
000000270278
000000158326
000000386739
000000022215
000000329118
000000497567
000000351904
2009_004336
000000052760
000000437373
2009_003083
000000443254
000000385464
000000536010
2011_001139
000000545072
000000434139
000000307842
000000493610
000000048185
000000492235
000000116336
000000375180
004836
000000016977
2010_002136
000000075527
000000019667
000000080293
000000210680
000000045148
2010_003754
000000172874
2009_002382
000000242399
000000290819
000000458807
000000403325
000000329931
000000011579
000000113251
000000282234
000000236177
000000113313
000000324689
000000066510
003988
000000506379
008495
000000246248
