000000244209
000000543860
000000176736
000000111646
000000189371
000000479168
000000455995
000000345168
000000377423
000000215626
000000339674
000000410441
000000139538
000000275700
000000344729
000000243066
000000068237
000000334260
000000382736
000000203437
000000378146
000000561437
000000052729
000000026176
000000356852
000000198447
000000484354
000000017938
000000073513
000000576905
000000221794
000000133698
000000037717
000000403672
000000274304
000000274209
000000489799
000000252384
000000311596
000000233580
000000208135
000000320085
000000264948
000000271011
000000539372
000000337628
000000277950
000000108748
000000280340
000000459355
000000203450
000000473762
000000240009
000000116261
000000337662
000000567655
000000492729
000000132002
000000096414
000000116725
000000198084
000000110962
000000425208
000000224811
000000341620
000000478331
000000403271
000000235316
000000080117
000000090464
000000106736
000000211676
000000569678
000000094791
000000401603
000000292999
000000105532
000000137911
000000455959
000000566214
000000440822
000000526085
000000221560
000000339918
000000518198
000000207832
000000263275
000000424529
000000046310
000000303538
000000076307
000000514456
000000370626
000000209701
000000577979
000000343704
000000264608
000000313538
000000274270
000000331236
000000432683
000000401308
000000286914
000000446108
000000477195
000000253838
000000204137
000000142350
000000028864
000000444344
000000481885
000000076491
000000448130
000000213530
000000245691
000000295377
000000329654
000000412419
000000503522
000000223599
000000448759
000000064028
000000405192
000000016064
000000284994
000000136271
000000565518
000000066507
000000566201
000000482690
000000508092
000000039125
000000085434
000000313520
000000294527
000000094422
000000463429
000000287084
000000539879
000000308694
000000457575
000000429858
000000447016
000000469719
000000096765
000000035589
000000133527
000000315381
000000149356
000000561731
000000574277
000000192782
000000258566
000000206349
000000102976
000000144373
000000303342
000000067496
000000075775
000000010434
000000285505
000000354145
000000515075
000000232185
000000254658
000000335935
000000307857
000000420612
000000099238
000000433063
000000577310
000000368528
000000426370
000000450833
000000187533
000000228664
000000581010
000000032603
000000364154
000000138834
000000478262
000000152582
000000540205
000000122436
000000054363
000000334075
000000120527
000000434662
000000503569
000000545088
000000259443
000000064241
000000253266
000000522240
000000505814
000000008010
000000338143
000000545002
000000291285
000000006473
000000473072
000000417339
000000471283
000000376982
000000053720
000000486994
000000430261
000000151859
000000440105
000000158087
000000164292
000000246539
000000167533
000000023451
000000431342
000000430577
000000273190
000000201374
000000431504
000000273363
000000063121
000000368827
000000472461
000000300326
000000073966
000000371808
000000232389
000000553912
000000434139
000000536006
000000283618
000000067686
000000138453
000000109199
000000124829
000000353884
000000291256
000000155466
000000259761
000000577451
000000133386
000000573206
000000092269
000000389205
000000288399
000000181888
000000102288
000000290153
000000441633
000000352427
000000134964
000000576218
000000342019
000000331523
000000235468
000000180327
000000530127
000000198112
000000046997
000000356421
000000244254
000000000965
000000296286
000000284472
000000344832
000000458894
000000405223
000000120994
000000222227
000000129737
000000146190
000000517026
000000004736
000000215482
000000490688
000000171330
000000220284
000000559511
000000560297
000000330174
000000253959
000000169736
000000009608
000000330955
000000005961
000000557830
000000146710
000000098047
000000511780
000000234176
000000248924
000000513573
000000465181
000000170695
000000566783
000000156914
000000077891
000000203022
000000000307
000000320349
000000057551
000000199387
000000153733
000000102329
000000109608
000000563436
000000505768
000000104355
000000279648
000000157707
000000185486
000000100855
000000212483
000000314614
000000206717
000000073244
000000274466
000000230864
000000234986
000000366003
000000457926
000000080367
000000314627
000000388654
000000371511
000000211852
000000104846
000000015778
000000384723
000000137332
000000505098
000000389184
000000042740
000000387492
000000149115
000000276671
000000137123
000000054130
000000232957
000000236507
000000070201
000000064399
000000489550
000000218736
000000022775
000000099041
000000281800
000000404666
000000110597
000000224304
000000339468
000000076349
000000200272
000000504616
000000498588
000000412835
000000244476
000000297664
000000313015
000000467109
000000548772
000000534391
000000300955
000000360725
000000535617
000000144202
000000393095
000000462845
000000319908
000000059220
000000532245
000000136014
000000475808
000000481891
000000220903
000000115296
000000135483
000000173117
000000054007
000000457437
000000134324
000000273917
000000233224
000000279117
000000234749
000000196558
000000149643
000000095106
000000502433
000000285220
000000259652
000000297357
000000016521
000000209875
000000465820
000000256419
000000294550
000000366000
000000263582
000000408674
000000549971
000000039115
000000542960
000000015195
000000232451
000000071485
000000084677
000000034491
000000106646
000000424083
000000019472
000000465422
000000395284
000000215176
000000255660
000000046315
000000430480
000000358566
000000334529
000000326836
000000260906
000000288519
000000246532
000000096897
000000136503
000000546695
000000471309
000000084038
000000569941
000000414276
000000032964
000000100665
000000033683
000000283999
000000181481
000000097914
000000210431
000000572790
000000364399
000000362175
000000306247
000000424871
000000537108
000000157380
000000047720
000000461147
000000085706
000000206560
000000425847
000000425622
000000172012
000000054092
000000016253
000000292301
000000402170
000000246322
000000208657
000000335421
000000065136
000000455672
000000378588
000000263271
000000089813
000000200718
000000326724
000000505418
000000245384
000000348381
000000237003
000000351621
000000558955
000000119120
000000070402
000000478582
000000540999
000000541343
000000080293
000000115243
000000469203
000000369249
000000330578
000000382309
000000531828
000000002498
000000369331
000000369267
000000015953
000000411027
000000308192
000000179727
000000019444
000000476537
000000485202
000000246026
000000244267
000000102848
000000199995
000000042785
000000007856
000000286022
000000316503
000000364522
000000428412
000000178620
000000205648
000000240134
000000505234
000000553498
000000048595
000000021650
000000402820
000000042349
000000350132
000000304919
000000082794
000000477331
000000443562
000000240158
000000348636
000000232875
000000246218
000000076636
000000086907
000000303210
000000554445
000000131450
000000034113
000000089273
000000223030
000000172627
000000116134
000000267612
000000476655
000000297692
000000579294
000000418221
000000302278
000000547509
000000408386
000000054598
000000571036
000000363991
000000251985
000000480437
000000080486
000000059652
000000129510
000000052107
000000515792
000000429759
000000168294
000000280133
000000125782
000000297610
000000251121
000000229295
000000458093
000000365493
000000403315
000000339283
000000579326
000000521382
000000158421
000000258243
000000407689
000000160926
000000406317
000000146649
000000185225
000000096711
000000160824
000000496092
000000063077
000000385438
000000250451
000000368055
000000528276
000000462579
000000019594
000000202414
000000274430
000000416426
000000567304
000000473641
000000429836
000000238795
000000466242
000000223032
000000043774
000000019250
000000333976
000000251493
000000517460
000000141056
000000365851
000000153716
000000263647
000000221293
000000095676
000000144836
000000456236
000000368844
000000545289
000000426888
000000246927
000000403826
000000094859
000000080614
000000176362
000000290113
000000497838
000000197264
000000290350
000000167683
000000182245
000000390704
000000304088
000000287904
000000178987
000000344579
000000202918
000000271620
000000487378
000000246040
000000018457
000000059882
000000300368
000000500844
000000357743
000000247473
000000184493
000000431044
000000072947
000000269788
000000129060
000000401027
000000319275
000000310300
000000299100
000000005559
000000553668
000000055517
000000246735
000000371923
000000173375
000000102903
000000203965
000000259687
000000284540
000000300868
000000189027
000000238114
000000124796
000000201236
000000490306
000000182399
000000122208
000000526486
000000452471
000000222696
000000112453
000000541837
000000087235
000000158342
000000238074
000000189020
000000041343
000000362314
000000018728
000000098739
000000041449
000000126826
000000107609
000000578650
000000543521
000000416603
000000433214
000000406171
000000210259
000000234685
000000526445
000000542160
000000240782
000000390475
000000366005
000000300321
000000397377
000000378522
000000282952
000000161144
000000392391
000000192091
000000123166
000000292522
000000008493
000000564589
000000525899
000000002374
000000264356
000000221470
000000548136
000000212309
000000199072
000000560532
000000061560
000000318241
000000337522
000000425342
000000326892
000000153923
000000119979
000000195975
000000524557
000000329664
000000280810
000000301046
000000092054
000000022690
000000527064
000000055458
000000402405
000000489409
000000138054
000000303314
000000432448
000000348044
000000516553
000000166723
000000246252
000000481002
000000334171
000000210439
000000337079
000000146640
000000422516
000000136493
000000391225
000000182947
000000408364
000000332724
000000314396
000000365569
000000390401
000000510548
000000316444
000000054442
000000211034
000000020619
000000478977
000000448012
000000463432
000000394535
000000309169
000000307480
000000043350
000000348684
000000303556
000000291484
000000198464
000000468985
000000574236
000000126737
000000237381
000000068701
000000141879
000000566115
000000187537
000000415728
000000396212
000000334232
000000074650
000000291921
000000505265
000000111680
000000412947
000000381265
000000164234
000000208793
000000014337
000000475336
000000102330
000000129293
000000561913
000000231996
000000107658
000000247625
000000483078
000000426872
000000498972
000000008095
000000126538
000000423391
000000277761
000000290332
000000334162
000000363727
000000473843
000000336656
000000268901
000000169299
000000363922
000000273204
000000480960
000000507824
000000505643
000000416933
000000209494
000000357015
000000144562
000000486845
000000051540
000000185108
000000426477
000000313145
000000541085
000000534412
000000035643
000000020168
000000217329
000000257215
000000504164
000000070256
000000563945
000000335148
000000013452
000000007673
000000460392
000000003528
000000169865
000000044464
000000287512
000000306281
000000233915
000000341818
000000530610
000000441840
000000553859
000000505223
000000105177
000000524486
000000533976
000000281072
000000330911
000000493829
000000186892
000000112950
000000063845
000000150378
000000573825
000000404607
000000179188
000000467193
000000468009
000000361233
000000409603
000000544414
000000350837
000000185452
000000326081
000000180002
000000056023
000000292127
000000099295
000000189026
000000443272
000000387206
000000462676
000000564068
000000081675
000000307564
000000324962
000000252611
000000316669
000000402671
000000407405
000000436843
000000224126
000000532711
000000126743
000000487182
000000574343
000000270112
000000069878
000000434161
000000128280
000000140074
000000369886
000000567914
000000556703
000000362804
000000025621
000000370561
000000471718
000000216789
000000453082
000000227048
000000283475
000000383007
000000448402
000000074103
000000122281
000000439573
000000363969
000000221593
000000579418
000000295767
000000513604
000000420225
000000389772
000000267863
000000161011
000000388989
000000523560
000000428599
000000041740
000000414610
000000032523
000000041288
000000518375
000000065769
000000192744
000000197525
000000132288
000000043872
000000471073
000000215134
000000125499
000000443342
000000348217
000000487649
000000028750
000000312671
000000581880
000000358828
000000144938
000000527353
000000560561
000000048035
000000530286
000000466723
000000081812
000000001569
000000075590
000000016206
000000295740
000000542681
000000433217
000000581886
000000281371
000000266963
000000488500
000000347877
000000042384
000000503978
000000015269
000000392480
000000423113
000000062541
000000036034
000000043944
000000119169
000000421361
000000337621
000000329302
000000377091
000000470970
000000057849
000000543742
000000550787
000000551858
000000157242
000000077784
000000526040
000000232863
000000024159
000000310015
000000548935
000000436306
000000071684
000000125639
000000525180
000000282557
000000560969
000000556424
000000465050
000000353507
000000031112
000000458355
000000154274
000000196053
000000523816
000000373577
000000112949
000000218334
000000020342
000000471680
000000050206
000000259335
000000219619
000000225925
000000334277
000000324145
000000541553
000000396021
000000379965
000000354539
000000142098
000000127994
000000037662
000000481165
000000226291
000000573980
000000468603
000000121994
000000207363
000000292730
000000477468
000000511786
000000498015
000000048743
000000292042
000000565767
000000172143
000000369557
000000127632
000000200202
000000568398
000000543218
000000248925
000000272110
000000563647
000000122144
000000138405
000000439095
000000158726
000000202448
000000019698
000000464030
000000535706
000000387480
000000110819
000000352758
000000056676
000000094718
000000457263
000000519510
000000418569
000000572965
000000349203
000000444913
000000245132
000000297363
000000100021
000000314048
000000236385
000000467908
000000287585
000000334751
000000201078
000000202490
000000376843
000000160166
000000495929
000000119868
000000306627
000000285249
000000256968
000000279490
000000200611
000000199331
000000475019
000000512400
000000337375
000000571673
000000113905
000000087813
000000065057
000000371814
000000005086
000000258517
000000112385
000000148587
000000556458
000000111189
000000338018
000000240274
000000397269
000000198880
000000034523
000000046090
000000553413
000000563951
000000221015
000000086459
000000536112
000000295476
000000160260
000000250380
000000545566
000000466838
000000274549
000000423984
000000476827
000000465489
000000337991
000000461491
000000064634
000000434486
000000449279
000000346168
000000044147
000000564418
000000278710
000000044575
000000451389
000000198289
000000573770
000000513424
000000297802
000000275657
000000379561
000000575625
000000066385
000000179950
000000076079
000000209028
000000328326
000000318605
000000002907
000000235192
000000305703
000000402632
000000571990
000000569851
000000145313
000000197605
000000480057
000000002645
000000275211
000000146510
000000508896
000000020410
000000395304
000000375153
000000469647
000000521950
000000542717
000000145436
000000459733
000000146936
000000008807
000000041458
000000239536
000000087382
000000538580
000000131865
000000448998
000000517515
000000218580
000000351989
000000066877
000000402623
000000554706
000000142547
000000083204
000000577221
000000047285
000000030193
000000021686
000000026427
000000354221
000000514222
000000574463
000000410632
000000313757
000000214447
000000234083
000000416524
000000051989
000000538003
000000117987
000000223569
000000278171
000000299838
000000489374
000000210190
000000111629
000000187103
000000217078
000000537543
000000053670
000000020179
000000141996
000000432624
000000533106
000000307980
000000096070
000000387393
000000034378
000000519840
000000095417
000000478349
000000299498
000000496424
000000154667
000000502395
000000381619
000000337843
000000247699
000000363343
000000197854
000000273657
000000285292
000000361924
000000333324
000000077660
000000333796
000000102630
000000541439
000000085981
000000512390
000000489207
000000108327
000000360209
000000026576
000000450737
000000063238
000000258950
000000363014
000000330507
000000182339
000000302051
000000410715
000000319201
000000508749
000000493859
000000349744
000000315350
000000568238
000000473733
000000140243
000000523316
000000515260
000000521863
000000162189
000000580172
000000443718
000000262736
000000435358
000000160757
000000197739
000000107974
000000189714
000000047570
000000382213
000000065533
000000104006
000000451473
000000475146
000000057999
000000373461
000000221343
000000462472
000000358624
000000442590
000000258043
000000454326
000000462283
000000338501
000000396693
000000210846
000000318032
000000304023
000000367554
000000112327
000000058465
000000270947
000000398287
000000430654
000000570259
000000106671
000000081323
000000266436
000000460723
000000476575
000000036758
000000365557
000000215558
000000538214
000000195998
000000193879
000000237767
000000379865
000000256945
000000445435
000000107020
000000290700
000000372404
000000365271
000000024723
000000355651
000000326420
000000575717
000000137844
000000189212
000000005916
000000479011
000000404243
000000134133
000000434673
000000579145
000000112137
000000172088
000000175112
000000563444
000000429829
000000338988
000000567337
000000502107
000000171665
000000349386
000000107135
000000339489
000000097778
000000017003
000000547703
000000335857
000000230433
000000006753
000000031187
000000024296
000000064190
000000426151
000000422585
000000004876
000000498645
000000416878
000000525227
000000338214
000000226294
000000058838
000000417347
000000281214
000000549703
000000020575
000000162285
000000119521
000000577190
000000203545
000000499771
000000132120
000000399452
000000497907
000000186344
000000226145
000000303683
000000089549
000000443772
000000167870
000000450684
000000472146
000000227741
000000302021
000000445346
000000134068
000000040732
000000473095
000000440381
000000411517
000000496407
000000478227
000000106941
000000091952
000000495336
000000075032
000000485267
000000481314
000000166328
000000187795
000000087056
000000294466
000000066707
000000119994
000000146272
000000097379
000000045175
000000055010
000000090225
000000176000
000000302675
000000228434
000000126514
000000104956
000000226298
000000290898
000000510027
000000242945
000000497625
000000226162
000000255194
000000442489
000000142824
000000343393
000000537710
000000191350
000000576001
000000424482
000000336320
000000188815
000000417023
000000395665
000000367929
000000376123
000000191945
000000214257
000000365312
000000185153
000000450362
000000076462
000000035368
000000397241
000000529240
000000359339
000000418035
000000288984
000000258769
000000178053
000000117028
000000202154
000000441470
000000088914
000000310070
000000022658
000000277432
000000005383
000000163755
000000274876
000000066413
000000445493
000000239528
000000074201
000000098564
000000310013
000000539053
000000305632
000000181612
000000036090
000000361356
000000511562
000000365993
000000497567
000000004201
000000090787
000000538693
000000225241
000000564337
000000580842
000000029719
000000467594
000000426085
000000393674
000000302582
000000252179
000000567444
000000316007
000000342185
000000385084
000000540959
000000536028
000000577811
000000222266
000000315111
000000267788
000000246792
000000477194
000000332069
000000345225
000000163326
000000557732
000000239478
000000442877
000000142483
000000410962
000000453895
000000577808
000000536376
000000436264
000000066769
000000162646
000000136768
000000294283
000000043206
000000020090
000000408049
000000521266
000000304456
000000297933
000000335534
000000401440
000000150981
000000203229
000000117250
000000252348
000000054976
000000363489
000000141586
000000507750
000000577980
000000147459
000000562192
000000038053
000000400398
000000386821
000000096582
000000212354
000000211370
000000481886
000000447902
000000015394
000000230655
000000354668
000000475035
000000577207
000000187214
000000165611
000000242779
000000511407
000000050422
000000160860
000000230315
000000375812
000000329141
000000522362
000000255966
000000547089
000000033372
000000188084
000000190906
000000047686
000000397987
000000565087
000000138713
000000427150
000000138180
000000144959
000000563655
000000373585
000000260036
000000464789
000000578736
000000557375
000000332322
000000505269
000000316677
000000002755
000000101806
000000522803
000000039686
000000022816
000000294565
000000379853
000000223977
000000350449
000000214266
000000281688
000000351610
000000144394
000000193504
000000143017
000000385464
000000189267
000000297972
000000526319
000000553975
000000457530
000000233840
000000215612
000000182213
000000209898
000000210832
000000404194
000000256221
000000206463
000000154708
000000415648
000000581181
000000280437
000000115645
000000102056
000000104607
000000356184
000000066238
000000242855
000000044127
000000004700
000000016744
000000438864
000000383137
000000555932
000000071737
000000453552
000000218454
000000019754
000000507511
000000223157
000000338670
000000276004
000000526972
000000354309
000000378786
000000233690
000000496078
000000084383
000000268583
000000079716
000000165636
000000030608
000000566672
000000090914
000000307249
000000324971
000000578780
000000076608
000000095872
000000265833
000000008314
000000292988
000000485808
000000128482
000000485868
000000569301
000000056233
000000056859
000000515274
000000282711
000000242422
000000475084
000000511650
000000097672
000000131312
000000255634
000000064635
000000557408
000000386764
000000305319
000000106435
000000570343
000000465465
000000489263
000000318307
000000123867
000000087409
000000543164
000000063918
000000122300
000000329318
000000435059
000000045455
000000552549
000000092122
000000321304
000000504122
000000380754
000000213642
000000345288
000000538848
000000050461
000000244825
000000431116
000000286313
000000358312
000000260453
000000369295
000000416648
000000090192
000000088567
000000387712
000000430265
000000045337
000000469355
000000014966
000000167494
000000323155
000000066676
000000244241
000000452892
000000121083
000000335752
000000485757
000000343057
000000491449
000000361819
000000282930
000000517517
000000219523
000000482808
000000220382
000000413182
000000280721
000000138728
000000307531
000000456077
000000415806
000000171880
000000503706
000000353935
000000525211
000000154987
000000142360
000000308608
000000296348
000000353483
000000215744
000000181841
000000154685
000000302885
000000522639
000000505389
000000279013
000000099293
000000340218
000000422383
000000076245
000000489818
000000213146
000000382971
000000054244
000000288723
000000232173
000000126521
000000008043
000000413008
000000301011
000000260772
000000430061
000000156459
000000146979
000000349511
000000351130
000000422274
000000513266
000000387606
000000054039
000000196851
000000237425
000000265433
000000142545
000000536183
000000395606
000000108130
000000234672
000000202913
000000397525
000000010219
000000489019
000000014773
000000141158
000000222371
000000073694
000000078380
000000050178
000000056868
000000433392
000000126815
000000168218
000000244999
000000013302
000000264551
000000258516
000000305103
000000119370
000000411257
000000177323
000000420593
000000571385
000000486717
000000393544
000000113317
000000090985
000000402668
000000357971
000000371957
000000366659
000000525501
000000145189
000000314979
000000347990
000000051149
000000119036
000000262399
000000263783
000000261605
000000536609
000000465859
000000253282
000000575719
000000333127
000000333440
000000390366
000000084866
000000297300
000000056650
000000254678
000000460339
000000028263
000000553297
000000131498
000000282070
000000531949
000000146249
000000529929
000000237912
000000394532
000000397132
000000271359
000000139785
000000227855
000000215107
000000132571
000000207027
000000485943
000000102420
000000536403
000000016483
000000201035
000000351656
000000544264
000000494195
000000284934
000000419344
000000111714
000000210048
000000080215
000000451969
000000100611
000000519942
000000150872
000000257821
000000422725
000000527446
000000124652
000000581827
000000439824
000000308838
000000567340
000000259309
000000365021
000000383768
000000086072
000000421578
000000360706
000000065905
000000528821
000000055707
000000047643
000000578903
000000226967
000000323475
000000477598
000000094549
000000327371
000000479946
000000050482
000000007023
000000207046
000000379211
000000445565
000000023093
000000435010
000000221335
000000206636
000000096048
000000475301
000000496768
000000165419
000000330920
000000298711
000000180488
000000317070
000000567727
000000479749
000000455675
000000160101
000000362131
000000569889
000000355760
000000558771
000000101070
000000574108
000000205125
000000250301
000000351176
000000178691
000000028103
000000125585
000000147597
000000401167
000000445257
000000132510
000000065557
000000392780
000000353729
000000383536
000000369279
000000227474
000000441472
000000076956
000000023050
000000468306
000000051525
000000048731
000000126257
000000399687
000000026053
000000262001
000000303778
000000470722
000000317306
000000264017
000000051771
000000407809
000000036273
000000426855
000000419860
000000269927
000000315242
000000227723
000000498982
000000489542
000000159981
000000337607
000000036966
000000027330
000000298312
000000236475
000000088507
000000533159
000000137072
000000323722
000000071716
000000201446
000000097865
000000412086
000000530765
000000412112
000000383197
000000028614
000000503148
000000113023
000000519055
000000045672
000000054375
000000511828
000000311179
000000297173
000000442567
000000210542
000000495987
000000359363
000000004742
000000080448
000000506880
000000512793
000000492292
000000045864
000000176841
000000203201
000000188079
000000522365
000000325243
000000555271
000000497199
000000430789
000000484873
000000144200
000000235319
000000499400
000000064733
000000280228
000000034854
000000532620
000000434986
000000046428
000000284732
000000505028
000000288187
000000097589
000000058801
000000303788
000000579664
000000431393
000000162592
000000099755
000000159521
000000519993
000000031017
000000299254
000000354832
000000153506
000000301646
000000407274
000000188143
000000075132
000000264504
000000474054
000000211486
000000169066
000000153896
000000000620
000000290398
000000436182
000000138549
000000153259
000000473658
000000445887
000000140843
000000279407
000000227903
000000460266
000000323278
000000441828
000000481843
000000033158
000000424174
000000169436
000000073749
000000070791
000000198761
000000092165
000000148099
000000435554
000000322499
000000121897
000000531715
000000259216
000000500962
000000258061
000000135733
000000224819
000000319798
000000344005
000000044132
000000157158
000000475439
000000562620
000000381430
000000504744
000000413321
000000376141
000000202389
000000009822
000000371717
000000568396
000000356224
000000524189
000000207635
000000379636
000000121867
000000205332
000000054178
000000134622
000000056181
000000011737
000000438267
000000195731
000000480602
000000205461
000000117742
000000144718
000000486714
000000226812
000000453853
000000434328
000000495956
000000010442
000000442245
000000541635
000000466787
000000433198
000000341247
000000489617
000000434338
000000280908
000000218766
000000191068
000000106993
000000058754
000000083682
000000580082
000000192043
000000159423
000000527375
000000086803
000000424771
000000370059
000000126470
000000575842
000000375882
000000046056
000000218242
000000031135
000000141760
000000078322
000000534191
000000552352
000000099981
000000026783
000000456064
000000241340
000000516596
000000065189
000000334136
000000048474
000000330845
000000513699
000000203466
000000039225
000000042661
000000112497
000000323930
000000121184
000000383841
000000109141
000000154564
000000144610
000000119297
000000192656
000000497719
000000348968
000000015032
000000043071
000000283673
000000220457
000000175368
000000088173
000000063334
000000452201
000000436636
000000522818
000000004749
000000434389
000000373415
000000499102
000000048531
000000131030
000000364618
000000503022
000000303959
000000380802
000000454832
000000024554
000000300396
000000493131
000000396670
000000290946
000000340314
000000477097
000000536425
000000145462
000000415277
000000389048
000000100909
000000409303
000000387208
000000455414
000000580591
000000181030
000000553248
000000102837
000000168334
000000383223
000000350270
000000161157
000000467726
000000303991
000000023448
000000004592
000000530670
000000152019
000000284012
000000045031
000000080316
000000313847
000000138086
000000361027
000000097032
000000396082
000000349936
000000118535
000000141336
000000166716
000000292827
000000388853
000000208690
000000148963
000000230663
000000505469
000000221736
000000041671
000000160057
000000317833
000000528764
000000027207
000000057560
000000178678
000000337691
000000072016
000000023840
000000211425
000000138621
000000397842
000000121951
000000279199
000000271253
000000229935
000000493132
000000029838
000000324052
000000088720
000000066487
000000154220
000000215273
000000143143
000000018244
000000360173
000000300501
000000468443
000000546538
000000223384
000000262508
000000562241
000000272718
000000037109
000000036948
000000189067
000000399214
000000146675
000000328068
000000032689
000000354897
000000022051
000000173893
000000500043
000000027365
000000487151
000000435402
000000409360
000000494138
000000026435
000000489440
000000562835
000000131527
000000055429
000000408946
000000569958
000000140252
000000232460
000000070014
000000023743
000000370120
000000321804
000000160773
000000450649
000000155194
000000207980
000000156593
000000199739
000000407739
000000493941
000000334327
000000312126
000000069405
000000115619
000000093793
000000011856
000000336497
000000276956
000000369379
000000334953
000000008571
000000107753
000000533441
000000296135
000000154861
000000225104
000000040995
000000190738
000000121068
000000383372
000000383419
000000197962
000000059146
000000214919
000000217268
000000470621
000000408484
000000328066
000000099997
000000453483
000000409439
000000094079
000000048944
000000139865
000000157920
000000211326
000000051001
000000166704
000000437902
000000556537
000000200132
000000134231
000000360181
000000208712
000000334932
000000554336
000000314996
000000182997
000000189943
000000300021
000000224426
000000115511
000000301251
000000030939
000000166776
000000031273
000000142380
000000053169
000000271852
000000054664
000000123946
000000087090
000000103315
000000066389
000000397729
000000290010
000000150858
000000046544
000000247106
000000147913
000000023584
000000448826
000000093771
000000525106
000000027937
000000364953
000000551082
000000562712
000000287399
000000523718
000000415589
000000560015
000000213669
000000333687
000000392302
000000392665
000000530936
000000360114
000000091595
000000279974
000000541082
000000304710
000000309261
000000327183
000000509883
000000310998
000000539640
000000141482
000000335824
000000204181
000000561547
000000077444
000000072583
000000431450
000000027907
000000044047
000000210791
000000157278
000000144760
000000063290
000000398563
000000092218
000000183260
000000164553
000000516000
000000071346
000000146676
000000531798
000000154305
000000086738
000000130093
000000443313
000000457822
000000171932
000000051706
000000208786
000000137937
000000165231
000000558864
000000491053
000000314645
000000440460
000000033840
000000066041
000000465294
000000509652
000000050230
000000534323
000000231714
000000542658
000000502117
000000164102
000000436564
000000386203
000000262608
000000203380
000000335532
000000476748
000000402406
000000246384
000000166645
000000062347
000000178494
000000172370
000000443631
000000274734
000000332025
000000405529
000000505884
000000409117
000000272007
000000436394
000000208586
000000059202
000000441382
000000418480
000000035642
000000167490
000000007782
000000265503
000000216003
000000399148
000000138248
000000019905
000000388030
000000545720
000000530558
000000577118
000000324904
000000411620
000000391046
000000195394
000000519405
000000178635
000000236910
000000282843
000000212363
000000329107
000000575908
000000110603
000000097656
000000056714
000000391063
000000260109
000000578813
000000529665
000000318598
000000450914
000000569723
000000025234
000000428006
000000025990
000000041482
000000272426
000000219680
000000022199
000000222209
000000462023
000000179245
000000104211
000000349897
000000447501
000000278744
000000346360
000000124224
000000492814
000000346637
000000259960
000000199829
000000490578
000000465829
000000167598
000000093280
000000549810
000000403078
000000245842
000000439868
000000026413
000000521096
000000350340
000000283196
000000072717
000000084253
000000256308
000000123389
000000177194
000000086001
000000337265
000000001369
000000047619
000000461915
000000547044
000000559752
000000079305
000000282257
000000521452
000000398924
000000560787
000000559086
000000180099
000000381789
000000118296
000000227879
000000229401
000000579917
000000185621
000000467809
000000170388
000000531201
000000478430
000000330091
000000473746
000000018290
000000182593
000000190585
000000157592
000000471935
000000463583
000000387900
000000066785
000000052957
000000091052
000000571805
000000325956
000000077092
000000182507
000000357509
000000448571
000000474955
000000026809
000000111888
000000218284
000000264193
000000485212
000000089390
000000420398
000000034810
000000264307
000000516500
000000330341
000000503689
000000190033
000000082464
000000263779
000000117304
000000109937
000000187442
000000086476
000000470547
000000547866
000000463678
000000538701
000000291540
000000552245
000000436440
000000417595
000000379841
000000125218
000000253584
000000127830
000000267684
000000279784
000000090311
000000082143
000000038886
000000071159
000000216524
000000026905
000000066412
000000501497
000000000321
000000422828
000000101485
000000438989
000000513449
000000355424
000000198227
000000137203
000000555131
000000377213
000000225987
000000310445
000000554032
000000450975
000000107367
000000056032
000000352217
000000040100
000000394468
000000122267
000000067961
000000463179
000000107501
000000387270
000000499679
000000297018
000000347604
000000207561
000000160185
000000156416
000000138310
000000112272
000000198923
000000157948
000000254387
000000429131
000000172425
000000546962
000000138473
000000356671
000000285844
000000042818
000000278938
000000475158
000000094793
000000094795
000000173909
000000184858
000000361901
000000336897
000000082896
000000283947
000000075552
000000011107
000000450110
000000424124
000000444631
000000552502
000000229159
000000403915
000000351157
000000391179
000000118827
000000124387
000000509114
000000269358
000000511549
000000302823
000000009322
000000452816
000000158806
000000135436
000000136908
000000268909
000000207995
000000202431
000000234277
000000524187
000000275190
000000014821
000000062833
000000085905
000000363602
000000153601
000000077193
000000509471
000000387048
000000486864
000000281772
000000415283
000000022837
000000007757
000000122586
000000505020
000000450305
000000201825
000000020540
000000145824
000000547099
000000468169
000000247134
000000165142
000000462192
000000030932
000000505792
000000009062
000000396302
000000486070
000000550000
000000009908
000000478755
000000291269
000000374258
000000486391
000000403198
000000093685
000000030299
000000232050
000000529260
000000522243
000000044830
000000447585
000000161673
000000195715
000000432503
000000195697
000000234297
000000293703
000000139281
000000467469
000000051396
000000249184
000000072701
000000416098
000000092935
000000111842
000000155172
000000152729
000000510152
000000399369
000000304858
000000054329
000000472024
000000551752
000000033240
000000018505
000000237188
000000306812
000000253485
000000158882
000000200181
000000324112
000000225870
000000227061
000000309404
000000513758
000000046454
000000509128
000000185681
000000197221
000000197662
000000284220
000000358209
000000185248
000000065835
000000159774
000000238709
000000284349
000000213453
000000431058
000000121826
000000133596
000000091120
000000182634
000000469853
000000299560
000000314254
000000292304
000000080495
000000096628
000000017482
000000327918
000000433531
000000089603
000000357728
000000240273
000000100686
000000019446
000000034340
000000104177
000000059403
000000470321
000000136212
000000327820
000000574155
000000025529
000000022953
000000317193
000000477587
000000048130
000000294537
000000566690
000000539087
000000123378
000000277284
000000421873
000000571029
000000335928
000000357169
000000323372
000000438504
000000416181
000000358558
000000314822
000000136394
000000024712
000000351463
000000141317
000000046919
000000183402
000000177889
000000446705
000000499940
000000313787
000000103510
000000129509
000000553760
000000150541
000000306511
000000159530
000000552656
000000354225
000000177821
000000560630
000000394794
000000378347
000000481014
000000068752
000000104174
000000137100
000000326161
000000437118
000000452050
000000147667
000000575194
000000494257
000000187451
000000474268
000000004275
000000324912
000000071602
000000476380
000000340622
000000280084
000000468276
000000572745
000000245417
000000528579
000000124428
000000283534
000000374248
000000567320
000000420626
000000270004
000000085081
000000554464
000000339611
000000426259
000000220463
000000162275
000000391685
000000027920
000000340318
000000091696
000000015797
000000120411
000000180818
000000342259
000000442808
000000026101
000000277389
000000233877
000000140349
000000381231
000000288316
000000390052
000000562338
000000529017
000000372727
000000180067
000000165050
000000449990
000000097514
000000513855
000000088120
000000475957
000000090793
000000289095
000000436802
000000389226
000000034356
000000477534
000000085556
000000323553
000000142879
000000491279
000000506873
000000401499
000000101065
000000579602
000000492648
000000579057
000000168754
000000115829
000000183219
000000111967
000000105293
000000495651
000000012803
000000561545
000000516139
000000115635
000000009760
000000071044
000000456670
000000152020
000000504980
000000063104
000000485059
000000078381
000000352187
000000511742
000000458724
000000019579
000000174391
000000294329
000000580507
000000294346
000000008350
000000353221
000000531115
000000178616
000000125458
000000358921
000000042278
000000177366
000000318396
000000397063
000000079720
000000109190
000000313596
000000036086
000000544240
000000470551
000000319134
000000050158
000000158786
000000232160
000000306258
000000082411
000000441850
000000376490
000000408664
000000014359
000000471762
000000021924
000000282346
000000482675
000000258110
000000365139
000000376965
000000224477
000000018557
000000397101
000000076607
000000417830
000000194210
000000532988
000000556986
000000147101
000000102706
000000463110
000000445590
000000556955
000000482446
000000083869
000000426947
000000241916
000000144832
000000208236
000000368629
000000190391
000000011172
000000050263
000000105184
000000197951
000000481549
000000479630
000000354322
000000273591
000000338910
000000325831
000000577940
000000376990
000000404361
000000312199
000000038134
000000019962
000000516416
000000563163
000000285194
000000051268
000000099803
000000075270
000000315972
000000413927
000000248694
000000093806
000000446358
000000493597
000000581297
000000414576
000000564237
000000259576
000000246971
000000448175
000000190656
000000572413
000000125116
000000468253
000000223914
000000044227
000000133291
000000410400
000000097976
000000517109
000000147174
000000122945
000000170208
000000029994
000000460514
000000241236
000000233556
000000313721
000000114060
000000570116
000000413528
000000376864
000000342523
000000036322
000000030120
000000103881
000000031358
000000236963
000000378736
000000556822
000000149185
000000282659
000000188388
000000191609
000000253087
000000016465
000000195896
000000536167
000000122469
000000374072
000000414379
000000267289
000000133634
000000032126
000000226983
000000279881
000000497216
000000157617
000000290864
000000023025
000000313647
000000577858
000000100583
000000107729
000000210604
000000081004
000000148047
000000368679
000000444263
000000455422
000000266026
000000490443
000000547637
000000569543
000000423602
000000486232
000000505754
000000191360
000000269689
000000242854
000000077752
000000295958
000000078638
000000278983
000000467296
000000530945
000000190645
000000429745
000000263603
000000546366
000000482037
000000539647
000000021750
000000322720
000000306931
000000288933
000000346853
000000050620
000000385934
000000218734
000000456216
000000531837
000000433212
000000025192
000000050204
000000133315
000000544495
000000383556
000000271250
000000252629
000000162675
000000129738
000000381205
000000518351
000000205093
000000007627
000000428686
000000500579
000000203881
000000314953
000000427344
000000140416
000000569667
000000100090
000000542537
000000188009
000000382514
000000360878
000000273555
000000072628
