000000183762
000000397217
000000244122
000000549017
2010_002469
000000156827
000000005754
000000504069
000000149835
000000090317
000000491154
2008_006502
000000298525
000000449669
000000067118
000000021417
000000514773
000000468420
000000096351
000000314074
000000475765
000000129595
003694
000000341132
000000436830
2010_000475
2009_003019
000000457538
000000538776
000000041226
000000576505
2009_000351
000000469721
000000081504
000000149498
000000216103
000000486638
000000549622
000000329373
000000146785
000000260618
000000500027
000000364757
2011_000567
000000403482
2009_002845
000000368768
000000459641
000000479721
000000281601
000000487151
000000479094
2009_003916
000000524291
000000192763
000000465163
000000369584
000000183007
000000224702
000000098748
2008_007134
000000242526
000000363433
000000577385
000000424247
000000428329
000000037616
000000406013
000000104846
004421
2010_000561
2010_002691
000000417818
2009_004497
000000213669
008534
2009_004336
000000568895
000000183495
000000265550
000000278001
004903
000000394595
000000178526
2008_007286
000000391016
000000188498
006058
000000091797
000000037113
000000118450
000000334758
000000155312
000000510304
000000330402
000000070952
005544
000000472860
000000461507
2010_004461
2009_004203
000000210453
000000212741
000000557633
009484
000000200778
000000559113
000000511895
000000008356
2009_000001
000000487796
000000540775
000000547742
000000185844
007696
000000422341
000000092181
000000104879
000000365351
000000106392
003034
2008_002441
000000262101
000000219454
000000102620
000000448503
000000072770
2008_006310
000000416345
000000428992
000000348966
000000097868
000000307379
000000529676
000000016046
000000487038
000000316365
000000305247
000000163497
000000351322
000000494678
000000050609
000000083613
000000211725
000000231334
000000355344
000000137849
000000354978
2009_002305
000000330934
000000348274
2009_004341
000000486777
000000001168
000000481427
000000577653
000000438306
000000509540
000000541327
000000102057
000000017312
000000479125
2010_003380
000000025290
005055
000000514127
000000476191
000000048863
000000317798
000000380447
000000225608
000000102662
000000572282
000000569931
000000192457
2008_006879
000000066487
2008_008636
000000249836
000000063676
000000153847
000000563641
000000258119
000000580461
2010_004779
000000505133
000000433667
000000398941
000000224596
000000371295
000000447297
000000561339
2008_001741
000000543347
000000565740
000000233005
000000312054
2009_003320
000000468457
000000024105
2009_003453
000000376811
000000110869
000000520342
000000381721
000000492639
000000440559
000000061606
000000316495
000000024723
2009_002877
2010_000581
000000141482
000000342432
000000486994
2008_006656
000000495014
000000458750
2008_007480
000000577096
2008_005791
000000254879
000000241720
000000468263
000000280641
000000027755
000000308599
000000273951
000000147073
000000338954
000000230117
000000134846
000000314865
000000206623
000000225713
000000556789
000000416309
000000135163
000000536806
000000321517
000000346334
000000233404
000000166354
005355
000000467397
000000345870
000000365301
000000516986
000000250991
000000195180
000000306047
000000324650
000000368475
000000505507
000000324553
000000038922
000000136043
000000339703
000000335103
000000007772
000000275969
000000074573
000000213421
000000400633
000000394691
000000400913
000000013867
000000336159
000000568396
000000112240
000000004576
000000332113
000000088272
000000039528
000000571564
005183
2009_000505
000000263512
000000561763
000000250870
000000226559
004190
000000169648
000000117079
000000446413
000000364249
000000073801
000000399489
000000365404
000000458485
000000522791
000000552966
000000256951
000000079083
000000048332
000000232957
2011_000765
2010_000195
000000332007
000000464214
000000551188
000000357896
000000030133
000000574964
000000049716
000000006896
000000038775
007168
000000031734
000000229247
000000016629
000000355603
000000424326
000000515719
000000183202
000000107770
001263
000000147122
000000071726
000000188606
000000176179
2010_000787
000000260345
000000135907
000000469888
000000220741
000000309523
000000331289
2011_001402
000000434161
000000172568
000000208648
000000477698
000000051175
000000346095
000000245096
2010_000465
000000250506
000000535342
001799
000000381333
000000422041
000000459209
000000333557
000000419449
000000122097
000000341487
000000503585
000000149123
000000091751
000000440778
000000093382
000000203965
000000061174
000000291784
2009_000602
000000109229
000000021383
000000320428
000000490118
000000469529
000000554689
000000052650
000000288592
000654
000000030203
000000376165
000000396741
000000130865
000000173245
000000195294
000000533542
000000484090
000000360101
000000143170
2009_002439
000407
000000168557
000000014090
000000452814
000000539259
000000146334
000000536426
000000300032
000000292349
000000012916
000000053088
000000105516
000000010867
000000190094
000000286614
000000308777
000000457587
000000179114
000000536786
000000240331
000000331097
000000335072
000000046315
2010_000822
000000391347
000000556391
000000580827
000000495051
000000233112
000000443713
000000520047
000000568440
005285
000000084258
000000280799
000000484758
000000265447
000000068179
000000268454
000000213288
000000449250
2010_000847
000000521361
000000246496
000000444799
000000376773
000000486869
000000342299
000000242979
000000069747
000000295282
000000256921
000000043872
000000429334
000000459765
000000148373
000000190185
000000247475
000000436436
000000130206
000000571328
000000302588
000000363752
2009_000350
000000331667
000000513087
000000114801
008564
000000578347
000000199225
000000298297
2010_002930
000000221911
000000125180
000000191744
000000430533
000000262962
000000391543
000000419908
000000035820
000000278653
000000071651
000000200959
2008_006710
000000375961
000000213117
000000246478
000000308849
000000377713
000000230381
000000209200
2011_000329
2008_003222
000000067515
000000275544
000000047161
000000157352
000000128175
000000414667
000000032845
000000436564
004498
000000102863
000000213642
000000356748
000000033297
2009_000670
000000039619
000000408081
000000439560
000947
000000350578
000000427736
000000256809
000000408111
000000518981
000000227843
000000454708
2011_001910
000000467076
000000325668
000000303608
000000065136
005056
000000294937
000000003148
000000285599
000000051476
000000291597
2011_001189
000000047552
000000425815
000000354821
000000052284
000000354144
000000060126
000000521649
000000241458
000000543337
000000117536
2010_003016
000000557360
000000170975
000000421499
000000011360
000000386295
000000181980
000000506723
000000309856
000000065484
000000347529
000000342139
000000164552
000000190998
000000470862
000000161084
000000537844
2010_004642
000000517403
000000444235
000000101753
000000319126
2009_003361
000000519460
000900
000000250684
000000411450
2009_003365
2009_004303
000000110606
000000401826
000000351554
000000080549
000000562573
000000497464
000000092731
000000246718
000000114327
000000552066
000000360066
000000087364
000000057551
000000487349
000000059738
000000110962
2010_000553
000000024352
2010_005246
000000229870
000000413713
2008_006933
000000093565
000000032699
000000530202
000000341710
000000023895
2008_004232
000000581704
000000146582
000000002496
000000175672
000000324246
009098
000000228160
000000469445
000000071241
000000536554
000000196919
000000268622
2008_003926
000000337662
000000125845
000000293341
000000051025
000000350621
000000080328
2008_005523
000000216393
000000034909
000000083669
000000010342
000000481879
000000268552
000000116746
000000322790
000000086435
000000066366
000000257751
000000104453
000000197398
000000466265
000000463004
000000206273
000000576030
000000349521
2011_000058
000000366500
000000020527
000000293607
000000197069
000000394600
000000343820
000000482634
2010_001010
000000327717
000000392829
000000360678
000000511571
000000479938
000000349709
2008_004807
000000499105
000000140548
000000383341
000000541676
000000541319
000000032689
000000133648
000000528938
000000258330
001480
2009_004058
000000243464
000000360871
000000106596
000000441751
000000319645
000000565367
005433
2011_002988
000000270912
000000498940
000000247529
000000001813
000000574755
2008_007597
000000445306
000000372683
000000036736
000000171081
000000509587
000000280857
000000562461
2009_003109
000000044337
000000435988
000000341639
000000175539
000000196653
000000107586
000000092700
000000371506
000000392152
000000166985
000000084158
000000452767
000000551315
000000081544
000000450105
000000336063
2009_001822
000000179808
2010_001151
000000280709
000000038685
005077
000000391403
2011_002719
000000121612
000000135045
000000014635
000000419410
000000576629
000000448694
000000028924
000000528903
000000447151
000000213032
000000381788
000000278541
000000074403
000000321903
000000569591
2008_005393
000000450478
2011_002384
000000553671
000000224878
000000457986
2009_002609
000000552184
000000199969
000000181014
000000189542
000000226472
000000573853
000000108091
000000363829
000000480977
000000344921
2008_004908
000000357242
000000150235
000000042810
000000199669
000000315491
000000024996
2010_005068
006595
000000361309
000000489019
000000445298
000000333156
007185
000000263450
000000450841
000000574666
000000338214
000000177763
000000038314
000000261843
000000146084
000000133428
000000457611
000000353411
000000092134
000000072118
000000476029
000000106513
000000358616
000000318763
000000276325
000000495199
000000242116
000000241528
000000496309
000000058677
000000500888
000000187724
000000231022
000000007319
000000218589
000000511537
000000333324
000000158914
000000238228
000000471073
000000285192
000000381037
000000278280
000000489028
000000550099
000000526458
000000481891
000000050992
000000370310
000000017216
000000088538
000000000754
000000029045
2010_003939
000000036373
000000250001
000000538242
000000082796
000000573225
000000421539
000000555534
000000011138
2010_001312
000000307567
000000314396
000000384027
000000149268
000000439537
000000177306
2008_005512
001018
000000205108
2008_004331
004754
000000029482
000000041482
006448
000000450151
000000396421
000000489890
000000156341
000000528071
000000082091
000000348904
000000250711
000000471113
000000266550
000000570598
000000503277
000000512191
000000456737
000000252311
001654
2009_005201
000000376667
004148
000000017376
2010_001747
000000431357
000000575469
000000188130
000000003694
000000187511
000000346924
000000483108
000000372583
000000563920
000000516476
000000315508
000000485950
000000297984
000000536562
000000377262
000000443209
000000059036
000000292727
2008_008608
000000008333
007612
000000157190
000000224199
000000339890
000000027829
000000494466
000000154650
006350
000000571237
2010_000948
009333
000000028930
000000320905
2008_007031
000000039598
000000366793
2009_003933
000000326367
000000083906
000000521256
000000356108
003396
000000040210
2009_004799
000000378056
000000376420
000000388403
000000295480
000000361430
000000256529
000000410667
000000006943
000000147545
000000136070
000000535145
000000288021
2009_001732
000000403531
000000529632
000000284002
000000436975
000000047395
000000043232
000000212203
000000143749
000000418221
008285
000000036911
000000344935
2008_002551
000000400430
000000107004
007820
001434
000000007946
000000468777
000000372316
000000100583
000000333848
000000404338
000000055202
000000326724
000000192295
000000408182
000000552068
000000286639
000000527216
000000572040
000000409811
000000004705
000000480087
007105
000275
000000151528
000000279097
000000121322
000000012757
000000046686
000000394608
000000382017
000000357356
000000312003
000000189539
000000257451
000000233201
2010_001994
000000012093
000000165147
000000250380
000000168151
000000053907
2011_001663
000000358429
000000200296
000000404759
008188
000000466378
000000102300
000000300333
2009_001300
000000504702
000000406142
000000272385
000000168994
000000534127
000000450066
000000443053
008940
004474
000000190828
2010_004621
000000535312
000000420398
000000387295
2010_000456
000000515252
000000454862
000000412455
000000380756
000000242709
000000392664
000000358730
000000247126
000000555444
000000207463
000000522452
000000152980
000000533978
2009_003054
000000147694
000000061422
005852
000000273059
000000149834
000000549580
000000076846
000000531944
2010_005287
000000458970
000000287488
000000033494
2010_000828
000000457230
2008_004234
000000295837
000000367515
000000508218
006708
2011_002414
000000431874
000000469728
2010_002705
000000150537
009954
000000575149
000000451952
2011_000997
000000307234
000000408099
000000019227
000000038323
2008_005337
000000157279
000000375180
000000494968
000000514055
000000162757
000000581189
000000183611
000000230291
004264
000000462899
000000093959
000000028451
000000211756
000000193659
000000521682
000000062540
000000509806
2010_005725
000000510258
005975
000000375196
000000022240
000000386623
000000312416
000000207886
000000267834
000000209967
000000384573
000000073527
000000125724
000000053729
000000217653
000000042267
000000160429
000000426551
000000290979
000000218242
000000552395
000000371244
000000373045
008975
000000224688
000000068764
000000014798
000000473709
000000398040
000000560530
000000248919
000000206548
000000256400
000000375464
000000193328
001024
2011_001833
000000400200
000000279543
000000489199
000000314692
000000295840
000000270172
000000188478
000000278335
000000518957
000000310706
000000235787
002034
000000367020
000000182895
000000451698
000000295940
000000295201
000000562937
000000301238
000000066301
000000302989
000000309633
000000199422
000000161947
000000420135
001326
000000517889
004376
000000036652
000000258674
2010_004037
000000534975
000000548939
000000028658
000000061919
000000436539
000000026635
000000554661
000000282711
000000044385
000000411247
000000297789
000000507663
008442
000000211508
000000102116
000000435682
000000231868
000000457204
000000007251
000000230168
000000022164
000000147115
000000030437
000000361858
2010_002094
000000015151
000000388865
000000528201
000000502214
000000266334
000000466037
000000443631
000000151915
000000445395
000000077997
000000139094
000000372191
000000052759
000000424821
000000326317
000000227667
000000446075
000000019145
000000364368
000000362865
000000442929
2010_005692
2009_000449
2011_002279
2008_008057
2008_001629
2011_000382
000000511642
2011_001270
000000121997
000000226053
000000328808
000000013159
000000553129
000000009381
000000024577
000000365903
2011_002881
000000004394
000000261281
000000332315
000000171566
000000081003
000000418894
000000467654
000000128297
000000174375
000000154670
2009_004468
000000420079
000000136683
2010_002229
000000198799
000000561576
000000076709
000000556597
000000391213
000000271466
2009_000146
000000472226
000000249536
000000143224
000000251563
000000394483
000000233627
000000481144
000000250608
2009_000087
