000000097661
000000555265
000000140304
000000486605
000000305319
000000557977
000000112437
000000441105
000000140365
000000295916
000000505826
000000059614
000000147779
000000506717
000000130411
000000206304
000000214975
000000536653
000000422560
000000078683
000000249663
000000143797
000000378098
000000504006
000000171241
000000307263
000000454282
000000343002
000000102978
000000574497
000000405998
000000523799
000000314979
000000229274
000000073753
000000071347
000000581277
000000571389
000000036413
000000148229
000000482037
000000118219
000000242784
000000385860
000000071043
000000324112
000000144760
000000072266
000000398957
000000146626
000000484186
000000506141
000000457274
000000015469
000000378827
000000408049
000000014337
000000393095
000000446863
000000167021
000000085886
000000522461
000000266071
000000566575
000000400742
000000108130
000000303330
000000517522
000000122724
000000562740
000000030998
000000174386
000000327371
000000076844
000000344149
000000230763
000000243296
000000525124
000000190423
000000062420
000000214604
000000532877
000000285170
000000457476
000000348730
000000218454
000000574955
000000109950
000000340529
000000168774
000000492171
000000471256
000000243750
000000489422
000000484651
000000406034
000000033536
000000160195
000000287570
000000182746
