000000381996
000000348697
000000015552
000000146850
000000463599
000000162322
000000509913
000000576369
000000262093
000000283445
000000429746
000000037843
000000568982
000000302838
000000075212
000000228434
000000414738
000000264741
000000555015
000000230265
000000161812
000000549454
000000574760
000000396528
000000332690
000000465269
000000098560
000000029956
000000431355
000000227127
000000153455
000000505849
000000005619
000000372482
000000445900
000000422466
000000139304
000000103098
000000152036
000000127644
000000099623
000000418944
000000555211
000000028764
000000173069
000000230701
000000535898
000000425870
000000411478
000000426546
000000126601
000000109178
000000460053
000000381192
000000054903
000000301508
000000100777
000000536039
000000414236
000000314787
000000031230
000000564330
000000277529
000000456223
000000006572
000000068688
000000404943
000000059229
000000466664
000000448613
000000237944
000000236843
000000350310
000000326723
000000270222
000000138116
000000462957
000000327165
000000515878
000000279503
000000337490
000000433334
000000381837
000000099568
000000031345
000000165771
000000009069
000000475887
000000331904
000000384160
000000360772
000000486488
000000034080
000000128127
000000084283
000000544832
000000338323
000000243839
000000451324
000000536654
000000006579
000000000909
000000503411
000000107304
000000254167
000000281194
000000325208
000000281331
000000393954
000000183456
000000252411
000000500077
000000365507
000000138254
000000456816
000000165422
000000055891
000000453815
000000005010
000000574221
000000118736
000000095915
000000133486
000000530201
000000498537
000000172974
000000342206
000000300324
000000424532
000000026768
000000400953
000000544408
000000096643
000000314074
000000022208
000000345353
000000484200
000000220988
000000510638
000000255804
000000075185
000000064896
000000489645
000000200680
000000215226
000000006941
000000341865
000000399006
000000033372
000000187199
000000275855
000000038314
000000278582
000000336182
000000350234
000000269736
000000355124
000000139639
000000554145
000000202832
000000461019
000000146805
000000377893
000000277543
000000036880
000000084740
000000404254
000000082551
000000292090
000000208605
000000235933
000000450704
000000114162
000000458282
000000320089
000000000092
000000502063
000000525668
000000392727
000000057870
000000268742
000000480629
000000417161
000000461042
000000113182
000000081943
000000409194
000000505043
000000144870
000000062648
000000361253
000000466800
000000211255
000000543942
000000572756
000000028903
000000105389
000000364487
000000250079
000000457718
000000232357
000000507167
000000033571
000000262710
000000129117
000000470909
000000270623
000000019074
000000108548
000000130598
000000260206
000000093634
000000141496
000000135399
000000354569
000000249764
000000241350
000000269551
000000274633
000000006190
000000357057
000000474732
000000141581
000000352511
000000310897
000000380477
000000432037
000000134290
000000462454
000000049190
000000148809
000000090011
000000001591
000000152531
000000541288
000000127905
000000043764
000000054490
000000349230
000000334220
000000360216
000000415787
000000131884
000000362166
000000285254
000000521947
000000028766
000000554749
000000108853
000000248009
000000535643
000000089579
000000439241
000000439346
000000523484
000000572897
000000118051
000000140588
000000566600
000000238717
000000093018
000000110240
000000383267
000000215002
000000329841
000000105063
000000094271
000000400576
000000517936
000000227959
000000488203
000000572282
000000456033
000000493867
000000049770
000000113293
000000007220
000000321674
000000529649
000000535037
000000517451
000000359098
000000318497
000000357340
000000527887
000000146226
000000323203
000000382881
000000029473
000000092020
000000517548
000000395259
000000437541
000000124931
000000460266
000000435882
000000535602
000000246794
000000226442
000000258155
000000144809
000000542786
000000455365
000000264567
000000476925
000000202739
000000538349
000000571039
000000390969
000000226206
000000190002
000000463571
000000026676
000000194907
000000523400
000000005180
000000132573
000000133295
000000456451
000000010083
000000360328
000000555035
000000104952
000000089908
000000211030
000000095390
000000032328
000000146504
000000175991
000000577821
000000110087
000000247929
000000195525
000000126135
000000538973
000000274888
000000344831
000000092602
000000161242
000000372748
000000319662
000000111706
000000516624
000000261569
000000219567
000000058632
000000507875
000000374832
000000431922
000000515893
000000275353
000000259760
000000477439
000000439988
000000239656
000000448558
000000415429
000000418107
000000456988
000000394957
000000182496
000000169937
000000058915
000000282672
000000114458
000000315938
000000234986
000000188343
000000432607
000000226343
000000136200
000000443875
000000237911
000000330737
000000281764
000000102090
000000466981
000000401541
000000058979
000000356906
000000179696
000000239613
000000580051
000000172467
000000114178
000000077432
000000493048
000000178192
000000205309
000000092206
000000090319
000000020070
000000299632
000000565112
000000543882
000000212704
000000118212
000000478260
000000496613
000000122382
000000379304
000000492215
000000208000
000000078359
000000549209
000000285212
000000167645
000000494808
000000079421
000000549171
000000121237
000000061025
000000402621
000000108681
000000405291
000000093644
000000096755
000000287449
000000460722
000000354695
000000487159
000000142564
000000554987
000000486501
000000400166
000000317896
000000217707
000000024402
000000346930
000000348954
000000466570
000000481518
000000084489
000000347483
000000230296
000000227893
000000108315
000000567523
000000047524
000000051963
000000124027
000000251798
000000393268
000000472941
000000077811
000000075285
000000095148
000000009199
000000394404
000000424408
000000352660
000000409708
000000523035
000000560307
000000072845
000000069214
000000359775
000000006406
000000000208
000000306426
000000483476
000000520108
000000066028
000000556426
000000200882
000000387990
000000073835
000000266240
000000416930
000000460453
000000499242
000000056104
000000516725
000000421529
000000275919
000000298622
000000231272
000000540831
000000060602
000000172420
000000070527
000000570381
000000006578
000000488942
000000153638
000000159456
000000116466
000000475804
000000474637
000000440827
000000311974
000000510707
000000264124
000000549450
000000082790
000000023815
000000355291
000000444546
000000324732
000000188725
000000212047
000000574250
000000063796
000000285217
000000446677
000000048850
000000199533
000000535403
000000335940
000000333379
000000225215
000000127256
000000163615
000000404063
000000306030
000000121613
000000015693
000000394133
000000141849
000000521200
000000472097
000000278548
000000510613
000000344264
000000568492
000000099937
000000212633
000000438349
000000484884
000000311635
000000245411
000000547165
000000159463
000000481890
000000054671
000000520427
000000509319
000000390782
000000509654
000000365488
000000240709
000000218234
000000445759
000000304689
000000545944
000000310163
000000237600
000000016720
000000489743
000000237344
000000203577
000000464462
000000151170
000000420575
000000434900
000000120399
000000128180
000000074576
000000281853
000000336718
000000054171
000000108111
000000281365
000000222600
000000324837
000000299463
000000268793
000000291833
000000198610
000000041272
000000315218
000000422145
000000362500
000000018952
000000548768
000000166880
000000232167
000000580408
000000121989
000000529544
000000288018
000000521205
000000338094
000000036281
000000336668
000000438899
000000324492
000000058171
000000157205
000000400091
000000098854
000000236552
000000413510
000000019738
000000151832
000000239190
000000499300
000000526414
000000355389
000000126810
000000097217
000000494837
000000245853
000000033581
000000228920
000000211282
000000333020
000000039888
000000083476
000000142246
000000363844
000000047882
000000274085
000000483695
000000168624
000000554102
000000577928
000000517349
000000300568
000000186880
000000077473
000000212525
000000552826
000000456035
000000412878
000000411212
000000022958
000000118118
000000125995
000000050609
000000288941
000000242404
000000128970
000000417089
000000577654
000000328792
000000055874
000000174774
000000189425
000000267998
000000459056
000000221303
000000053514
000000579663
000000184159
000000097883
000000432754
000000213579
000000065047
000000185633
000000226300
000000068646
000000578009
000000026383
000000296620
000000370839
000000026227
000000053802
000000169415
000000410576
000000005113
000000425441
000000281066
000000560025
000000195039
000000326075
000000250124
000000187933
000000391891
000000313097
000000453354
000000080339
000000504907
000000147568
000000094518
000000505754
000000088603
000000396372
000000552029
000000462330
000000099065
000000207481
000000371137
000000428992
000000020632
000000573119
000000130492
000000194288
000000309889
000000567982
000000209027
000000217720
000000200879
000000139258
000000500271
000000108499
000000490356
000000321007
000000101597
000000319456
000000552054
000000134738
000000205904
000000256824
000000551757
000000479528
000000567278
000000461871
000000288215
000000469795
000000447633
000000177262
000000335914
000000175195
000000377609
000000289583
000000074232
000000573659
000000572795
000000351975
000000260969
000000136289
000000419135
000000134133
000000422461
000000456565
000000002083
000000430731
000000097913
000000205847
000000410924
000000093553
000000459723
000000177325
000000108639
000000506441
000000243820
000000381996
000000348697
000000015552
000000146850
000000463599
000000162322
000000509913
000000576369
000000262093
000000283445
000000429746
000000037843
000000568982
000000302838
000000075212
000000228434
000000414738
000000264741
000000555015
000000230265
000000161812
000000549454
000000574760
000000396528
000000332690
000000465269
000000098560
000000029956
000000431355
000000227127
000000153455
000000505849
000000005619
000000372482
000000445900
000000422466
000000139304
000000103098
000000152036
000000127644
000000099623
000000418944
000000555211
000000028764
000000173069
000000230701
000000535898
000000425870
000000411478
000000426546
000000126601
000000109178
000000460053
000000381192
000000054903
000000301508
000000100777
000000536039
000000414236
000000314787
000000031230
000000564330
000000277529
000000456223
000000006572
000000068688
000000404943
000000059229
000000466664
000000448613
000000237944
000000236843
000000350310
000000326723
000000270222
000000138116
000000462957
000000327165
000000515878
000000279503
000000337490
000000433334
000000381837
000000099568
000000031345
000000165771
000000009069
000000475887
000000331904
000000384160
000000360772
000000486488
000000034080
000000128127
000000084283
000000544832
000000338323
000000243839
000000451324
000000536654
000000006579
000000000909
000000503411
000000107304
000000254167
000000281194
000000325208
000000281331
000000393954
000000183456
000000252411
000000500077
000000365507
000000138254
000000456816
000000165422
000000055891
000000453815
000000005010
000000574221
000000118736
000000095915
000000133486
000000530201
000000498537
000000172974
000000342206
000000300324
000000424532
000000026768
000000400953
000000544408
000000096643
000000314074
000000022208
000000345353
000000484200
000000220988
000000510638
000000255804
000000075185
000000064896
000000489645
000000200680
000000215226
000000006941
000000341865
000000399006
000000033372
000000187199
000000275855
000000038314
000000278582
000000336182
000000350234
000000269736
000000355124
000000139639
000000554145
000000202832
000000461019
000000146805
000000377893
000000277543
000000036880
000000084740
000000404254
000000082551
000000292090
000000208605
000000235933
000000450704
000000114162
000000458282
000000320089
000000000092
000000502063
000000525668
000000392727
000000057870
000000268742
000000480629
000000417161
000000461042
000000113182
000000081943
000000409194
000000505043
000000144870
000000062648
000000361253
000000466800
000000211255
000000543942
000000572756
000000028903
000000105389
000000364487
000000250079
000000457718
000000232357
000000507167
000000033571
000000262710
000000129117
000000470909
000000270623
000000019074
000000108548
000000130598
000000260206
000000093634
000000141496
000000135399
000000354569
000000249764
000000241350
000000269551
000000274633
000000006190
000000357057
000000474732
000000141581
000000352511
000000310897
000000380477
000000432037
000000134290
000000462454
000000049190
000000148809
000000090011
000000001591
000000152531
000000541288
000000127905
000000043764
000000054490
000000349230
000000334220
000000360216
000000415787
000000131884
000000362166
000000285254
000000521947
000000028766
000000554749
000000108853
000000248009
000000535643
000000089579
000000439241
000000439346
000000523484
000000572897
000000118051
000000140588
000000566600
000000238717
000000093018
000000110240
000000383267
000000215002
000000329841
000000105063
000000094271
000000400576
000000517936
000000227959
000000488203
000000572282
000000456033
000000493867
000000049770
000000113293
000000007220
000000321674
000000529649
000000535037
000000517451
000000359098
000000318497
000000357340
000000527887
000000146226
000000323203
000000382881
000000029473
000000092020
000000517548
000000395259
000000437541
000000124931
000000460266
000000435882
000000535602
000000246794
000000226442
000000258155
000000144809
000000542786
000000455365
000000264567
000000476925
000000202739
000000538349
000000571039
000000390969
000000226206
000000190002
000000463571
000000026676
000000194907
000000523400
000000005180
000000132573
000000133295
000000456451
000000010083
000000360328
000000555035
000000104952
000000089908
000000211030
000000095390
000000032328
000000146504
000000175991
000000577821
000000110087
000000247929
000000195525
000000126135
000000538973
000000274888
000000344831
000000092602
000000161242
000000372748
000000319662
000000111706
000000516624
000000261569
000000219567
000000058632
000000507875
000000374832
000000431922
000000515893
000000275353
000000259760
000000477439
000000439988
000000239656
000000448558
000000415429
000000418107
000000456988
000000394957
000000182496
000000169937
000000058915
000000282672
000000114458
000000315938
000000234986
000000188343
000000432607
000000226343
000000136200
000000443875
000000237911
000000330737
000000281764
000000102090
000000466981
000000401541
000000058979
000000356906
000000179696
000000239613
000000580051
000000172467
000000114178
000000077432
000000493048
000000178192
000000205309
000000092206
000000090319
000000020070
000000299632
000000565112
000000543882
000000212704
000000118212
000000478260
000000496613
000000122382
000000379304
000000492215
000000208000
000000078359
000000549209
000000285212
000000167645
000000494808
000000079421
000000549171
000000121237
000000061025
000000402621
000000108681
000000405291
000000093644
000000096755
000000287449
000000460722
000000354695
000000487159
000000142564
000000554987
000000486501
000000400166
000000317896
000000217707
000000024402
000000346930
000000348954
000000466570
000000481518
000000084489
000000347483
000000230296
000000227893
000000108315
000000567523
000000047524
000000051963
000000124027
000000251798
000000393268
000000472941
000000077811
000000075285
000000095148
000000009199
000000394404
000000424408
000000352660
000000409708
000000523035
000000560307
000000072845
000000069214
000000359775
000000006406
000000000208
000000306426
000000483476
000000520108
000000066028
000000556426
000000200882
000000387990
000000073835
000000266240
000000416930
000000460453
000000499242
000000056104
000000516725
000000421529
000000275919
000000298622
000000231272
000000540831
000000060602
000000172420
000000070527
000000570381
000000006578
000000488942
000000153638
000000159456
000000116466
000000475804
000000474637
000000440827
000000311974
000000510707
000000264124
000000549450
000000082790
000000023815
000000355291
000000444546
000000324732
000000188725
000000212047
000000574250
000000063796
000000285217
000000446677
000000048850
000000199533
000000535403
000000335940
000000333379
000000225215
000000127256
000000163615
000000404063
000000306030
000000121613
000000015693
000000394133
000000141849
000000521200
000000472097
000000278548
000000510613
000000344264
000000568492
000000099937
000000212633
000000438349
000000484884
000000311635
000000245411
000000547165
000000159463
000000481890
000000054671
000000520427
000000509319
000000390782
000000509654
000000365488
000000240709
000000218234
000000445759
000000304689
000000545944
000000310163
000000237600
000000016720
000000489743
000000237344
000000203577
000000464462
000000151170
000000420575
000000434900
000000120399
000000128180
000000074576
000000281853
000000336718
000000054171
000000108111
000000281365
000000222600
000000324837
000000299463
000000268793
000000291833
000000198610
000000041272
000000315218
000000422145
000000362500
000000018952
000000548768
000000166880
000000232167
000000580408
000000121989
000000529544
000000288018
000000521205
000000338094
000000036281
000000336668
000000438899
000000324492
000000058171
000000157205
000000400091
000000098854
000000236552
000000413510
000000019738
000000151832
000000239190
000000499300
000000526414
000000355389
000000126810
000000097217
000000494837
000000245853
000000033581
000000228920
000000211282
000000333020
000000039888
000000083476
000000142246
000000363844
000000047882
000000274085
000000483695
000000168624
000000554102
000000577928
000000517349
000000300568
000000186880
000000077473
000000212525
000000552826
000000456035
000000412878
000000411212
000000022958
000000118118
000000125995
000000050609
000000288941
000000242404
000000128970
000000417089
000000577654
000000328792
000000055874
000000174774
000000189425
000000267998
000000459056
000000221303
000000053514
000000579663
000000184159
000000097883
000000432754
000000213579
000000065047
000000185633
000000226300
000000068646
000000578009
000000026383
000000296620
000000370839
000000026227
000000053802
000000169415
000000410576
000000005113
000000425441
000000281066
000000560025
000000195039
000000326075
000000250124
000000187933
000000391891
000000313097
000000453354
000000080339
000000504907
000000147568
000000094518
000000505754
000000088603
000000396372
000000552029
000000462330
000000099065
000000207481
000000371137
000000428992
000000020632
000000573119
000000130492
000000194288
000000309889
000000567982
000000209027
000000217720
000000200879
000000139258
000000500271
000000108499
000000490356
000000321007
000000101597
000000319456
000000552054
000000134738
000000205904
000000256824
000000551757
000000479528
000000567278
000000461871
000000288215
000000469795
000000447633
000000177262
000000335914
000000175195
000000377609
000000289583
000000074232
000000573659
000000572795
000000351975
000000260969
000000136289
000000419135
000000134133
000000422461
000000456565
000000002083
000000430731
000000097913
000000205847
000000410924
000000093553
000000459723
000000177325
000000108639
000000506441
000000243820
000000381996
000000348697
000000015552
000000146850
000000463599
000000162322
000000509913
000000576369
000000262093
000000283445
000000429746
000000037843
000000568982
000000302838
000000075212
000000228434
000000414738
000000264741
000000555015
000000230265
000000161812
000000549454
000000574760
000000396528
000000332690
000000465269
000000098560
000000029956
000000431355
000000227127
000000153455
000000505849
000000005619
000000372482
000000445900
000000422466
000000139304
000000103098
000000152036
000000127644
000000099623
000000418944
000000555211
000000028764
000000173069
000000230701
000000535898
000000425870
000000411478
000000426546
000000126601
000000109178
000000460053
000000381192
000000054903
000000301508
000000100777
000000536039
000000414236
000000314787
000000031230
000000564330
000000277529
000000456223
000000006572
000000068688
000000404943
000000059229
000000466664
000000448613
000000237944
000000236843
000000350310
000000326723
000000270222
000000138116
000000462957
000000327165
000000515878
000000279503
000000337490
000000433334
000000381837
000000099568
000000031345
000000165771
000000009069
000000475887
000000331904
000000384160
000000360772
000000486488
000000034080
000000128127
000000084283
000000544832
000000338323
000000243839
000000451324
000000536654
000000006579
000000000909
000000503411
000000107304
000000254167
000000281194
000000325208
000000281331
000000393954
000000183456
000000252411
000000500077
000000365507
000000138254
000000456816
000000165422
000000055891
000000453815
000000005010
000000574221
000000118736
000000095915
000000133486
000000530201
000000498537
000000172974
000000342206
000000300324
000000424532
000000026768
000000400953
000000544408
000000096643
000000314074
000000022208
000000345353
000000484200
000000220988
000000510638
000000255804
000000075185
000000064896
000000489645
000000200680
000000215226
000000006941
000000341865
000000399006
000000033372
000000187199
000000275855
000000038314
000000278582
000000336182
000000350234
000000269736
000000355124
000000139639
000000554145
000000202832
000000461019
000000146805
000000377893
000000277543
000000036880
000000084740
000000404254
000000082551
000000292090
000000208605
000000235933
000000450704
000000114162
000000458282
000000320089
000000000092
000000502063
000000525668
000000392727
000000057870
000000268742
000000480629
000000417161
000000461042
000000113182
000000081943
000000409194
000000505043
000000144870
000000062648
000000361253
000000466800
000000211255
000000543942
000000572756
000000028903
000000105389
000000364487
000000250079
000000457718
000000232357
000000507167
000000033571
000000262710
000000129117
000000470909
000000270623
000000019074
000000108548
000000130598
000000260206
000000093634
000000141496
000000135399
000000354569
000000249764
000000241350
000000269551
000000274633
000000006190
000000357057
000000474732
000000141581
000000352511
000000310897
000000380477
000000432037
000000134290
000000462454
000000049190
000000148809
000000090011
000000001591
000000152531
000000541288
000000127905
000000043764
000000054490
000000349230
000000334220
000000360216
000000415787
000000131884
000000362166
000000285254
000000521947
000000028766
000000554749
000000108853
000000248009
000000535643
000000089579
000000439241
000000439346
000000523484
000000572897
000000118051
000000140588
000000566600
000000238717
000000093018
000000110240
000000383267
000000215002
000000329841
000000105063
000000094271
000000400576
000000517936
000000227959
000000488203
000000572282
000000456033
000000493867
000000049770
000000113293
000000007220
000000321674
000000529649
000000535037
000000517451
000000359098
000000318497
000000357340
000000527887
000000146226
000000323203
000000382881
000000029473
000000092020
000000517548
000000395259
000000437541
000000124931
000000460266
000000435882
000000535602
000000246794
000000226442
000000258155
000000144809
000000542786
000000455365
000000264567
000000476925
000000202739
000000538349
000000571039
000000390969
000000226206
000000190002
000000463571
000000026676
000000194907
000000523400
000000005180
000000132573
000000133295
000000456451
000000010083
000000360328
000000555035
000000104952
000000089908
000000211030
000000095390
000000032328
000000146504
000000175991
000000577821
000000110087
000000247929
000000195525
000000126135
000000538973
000000274888
000000344831
000000092602
000000161242
000000372748
000000319662
000000111706
000000516624
000000261569
000000219567
000000058632
000000507875
000000374832
000000431922
000000515893
000000275353
000000259760
000000477439
000000439988
000000239656
000000448558
000000415429
000000418107
000000456988
000000394957
000000182496
000000169937
000000058915
000000282672
000000114458
000000315938
000000234986
000000188343
000000432607
000000226343
000000136200
000000443875
000000237911
000000330737
000000281764
000000102090
000000466981
000000401541
000000058979
000000356906
000000179696
000000239613
000000580051
000000172467
000000114178
000000077432
000000493048
000000178192
000000205309
000000092206
000000090319
000000020070
000000299632
000000565112
000000543882
000000212704
000000118212
000000478260
000000496613
000000122382
000000379304
000000492215
000000208000
000000078359
000000549209
000000285212
000000167645
000000494808
000000079421
000000549171
000000121237
000000061025
000000402621
000000108681
000000405291
000000093644
000000096755
000000287449
000000460722
000000354695
000000487159
000000142564
000000554987
000000486501
000000400166
000000317896
000000217707
000000024402
000000346930
000000348954
000000466570
000000481518
000000084489
000000347483
000000230296
000000227893
000000108315
000000567523
000000047524
000000051963
000000124027
000000251798
000000393268
000000472941
000000077811
000000075285
000000095148
000000009199
000000394404
000000424408
000000352660
000000409708
000000523035
000000560307
000000072845
000000069214
000000359775
000000006406
000000000208
000000306426
000000483476
000000520108
000000066028
000000556426
000000200882
000000387990
000000073835
000000266240
000000416930
000000460453
000000499242
000000056104
000000516725
000000421529
000000275919
000000298622
000000231272
000000540831
000000060602
000000172420
000000070527
000000570381
000000006578
000000488942
000000153638
000000159456
000000116466
000000475804
000000474637
000000440827
000000311974
000000510707
000000264124
000000549450
000000082790
000000023815
000000355291
000000444546
000000324732
000000188725
000000212047
000000574250
000000063796
000000285217
000000446677
000000048850
000000199533
000000535403
000000335940
000000333379
000000225215
000000127256
000000163615
000000404063
000000306030
000000121613
000000015693
000000394133
000000141849
000000521200
000000472097
000000278548
000000510613
000000344264
000000568492
000000099937
000000212633
000000438349
000000484884
000000311635
000000245411
000000547165
000000159463
000000481890
000000054671
000000520427
000000509319
000000390782
000000509654
000000365488
000000240709
000000218234
000000445759
000000304689
000000545944
000000310163
000000237600
000000016720
000000489743
000000237344
000000203577
000000464462
000000151170
000000420575
000000434900
000000120399
000000128180
000000074576
000000281853
000000336718
000000054171
000000108111
000000281365
000000222600
000000324837
000000299463
000000268793
000000291833
000000198610
000000041272
000000315218
000000422145
000000362500
000000018952
000000548768
000000166880
000000232167
000000580408
000000121989
000000529544
000000288018
000000521205
000000338094
000000036281
000000336668
000000438899
000000324492
000000058171
000000157205
000000400091
000000098854
000000236552
000000413510
000000019738
000000151832
000000239190
000000499300
000000526414
000000355389
000000126810
000000097217
000000494837
000000245853
000000033581
000000228920
000000211282
000000333020
000000039888
000000083476
000000142246
000000363844
000000047882
000000274085
000000483695
000000168624
000000554102
000000577928
000000517349
000000300568
000000186880
000000077473
000000212525
000000552826
000000456035
000000412878
000000411212
000000022958
000000118118
000000125995
000000050609
000000288941
000000242404
000000128970
000000417089
000000577654
000000328792
000000055874
000000174774
000000189425
000000267998
000000459056
000000221303
000000053514
000000579663
000000184159
000000097883
000000432754
000000213579
000000065047
000000185633
000000226300
000000068646
000000578009
000000026383
000000296620
000000370839
000000026227
000000053802
000000169415
000000410576
000000005113
000000425441
000000281066
000000560025
000000195039
000000326075
000000250124
000000187933
000000391891
000000313097
000000453354
000000080339
000000504907
000000147568
000000094518
000000505754
000000088603
000000396372
000000552029
000000462330
000000099065
000000207481
000000371137
000000428992
000000020632
000000573119
000000130492
000000194288
000000309889
000000567982
000000209027
000000217720
000000200879
000000139258
000000500271
000000108499
000000490356
000000321007
000000101597
000000319456
000000552054
000000134738
000000205904
000000256824
000000551757
000000479528
000000567278
000000461871
000000288215
000000469795
000000447633
000000177262
000000335914
000000175195
000000377609
000000289583
000000074232
000000573659
000000572795
000000351975
000000260969
000000136289
000000419135
000000134133
000000422461
000000456565
000000002083
000000430731
000000097913
000000205847
000000410924
000000093553
000000459723
000000177325
000000108639
000000506441
000000243820
000000381996
000000348697
000000015552
000000146850
000000463599
000000162322
000000509913
000000576369
000000262093
000000283445
000000429746
000000037843
000000568982
000000302838
000000075212
000000228434
000000414738
000000264741
000000555015
000000230265
000000161812
000000549454
000000574760
000000396528
000000332690
000000465269
000000098560
000000029956
000000431355
000000227127
000000153455
000000505849
000000005619
000000372482
000000445900
000000422466
000000139304
000000103098
000000152036
000000127644
000000099623
000000418944
000000555211
000000028764
000000173069
000000230701
000000535898
000000425870
000000411478
000000426546
000000126601
000000109178
000000460053
000000381192
000000054903
000000301508
000000100777
000000536039
000000414236
000000314787
000000031230
000000564330
000000277529
000000456223
000000006572
000000068688
000000404943
000000059229
000000466664
000000448613
000000237944
000000236843
000000350310
000000326723
000000270222
000000138116
000000462957
000000327165
000000515878
000000279503
000000337490
000000433334
000000381837
000000099568
000000031345
000000165771
000000009069
000000475887
000000331904
000000384160
000000360772
000000486488
000000034080
000000128127
000000084283
000000544832
000000338323
000000243839
000000451324
000000536654
000000006579
000000000909
000000503411
000000107304
000000254167
000000281194
000000325208
000000281331
000000393954
000000183456
000000252411
000000500077
000000365507
000000138254
000000456816
000000165422
000000055891
000000453815
000000005010
000000574221
000000118736
000000095915
000000133486
000000530201
000000498537
000000172974
000000342206
000000300324
000000424532
000000026768
000000400953
000000544408
000000096643
000000314074
000000022208
000000345353
000000484200
000000220988
000000510638
000000255804
000000075185
000000064896
000000489645
000000200680
000000215226
000000006941
000000341865
000000399006
000000033372
000000187199
000000275855
000000038314
000000278582
000000336182
000000350234
000000269736
000000355124
000000139639
000000554145
000000202832
000000461019
000000146805
000000377893
000000277543
000000036880
000000084740
000000404254
000000082551
000000292090
000000208605
000000235933
000000450704
000000114162
000000458282
000000320089
000000000092
000000502063
000000525668
000000392727
000000057870
000000268742
000000480629
000000417161
000000461042
000000113182
000000081943
000000409194
000000505043
000000144870
000000062648
000000361253
000000466800
000000211255
000000543942
000000572756
000000028903
000000105389
000000364487
000000250079
000000457718
000000232357
000000507167
000000033571
000000262710
000000129117
000000470909
000000270623
000000019074
000000108548
000000130598
000000260206
000000093634
000000141496
000000135399
000000354569
000000249764
000000241350
000000269551
000000274633
000000006190
000000357057
000000474732
000000141581
000000352511
000000310897
000000380477
000000432037
000000134290
000000462454
000000049190
000000148809
000000090011
000000001591
000000152531
000000541288
000000127905
000000043764
000000054490
000000349230
000000334220
000000360216
000000415787
000000131884
000000362166
000000285254
000000521947
000000028766
000000554749
000000108853
000000248009
000000535643
000000089579
000000439241
000000439346
000000523484
000000572897
000000118051
000000140588
000000566600
000000238717
000000093018
000000110240
000000383267
000000215002
000000329841
000000105063
000000094271
000000400576
000000517936
000000227959
000000488203
000000572282
000000456033
000000493867
000000049770
000000113293
000000007220
000000321674
000000529649
000000535037
000000517451
000000359098
000000318497
000000357340
000000527887
000000146226
000000323203
000000382881
000000029473
000000092020
000000517548
000000395259
000000437541
000000124931
000000460266
000000435882
000000535602
000000246794
000000226442
000000258155
000000144809
000000542786
000000455365
000000264567
000000476925
000000202739
000000538349
000000571039
000000390969
000000226206
000000190002
000000463571
000000026676
000000194907
000000523400
000000005180
000000132573
000000133295
000000456451
000000010083
000000360328
000000555035
000000104952
000000089908
000000211030
000000095390
000000032328
000000146504
000000175991
000000577821
000000110087
000000247929
000000195525
000000126135
000000538973
000000274888
000000344831
000000092602
000000161242
000000372748
000000319662
000000111706
000000516624
000000261569
000000219567
000000058632
000000507875
000000374832
000000431922
000000515893
000000275353
000000259760
000000477439
000000439988
000000239656
000000448558
000000415429
000000418107
000000456988
000000394957
000000182496
000000169937
000000058915
000000282672
000000114458
000000315938
000000234986
000000188343
000000432607
000000226343
000000136200
000000443875
000000237911
000000330737
000000281764
000000102090
000000466981
000000401541
000000058979
000000356906
000000179696
000000239613
000000580051
000000172467
000000114178
000000077432
000000493048
000000178192
000000205309
000000092206
000000090319
000000020070
000000299632
000000565112
000000543882
000000212704
000000118212
000000478260
000000496613
000000122382
000000379304
000000492215
000000208000
000000078359
000000549209
000000285212
000000167645
000000494808
000000079421
000000549171
000000121237
000000061025
000000402621
000000108681
000000405291
