000000253834
000000369872
000000380089
000000230190
000000020677
000000018940
000000500761
000000563763
000000348263
000000242216
000000114458
000000077020
000000170312
000000286425
000000093279
000000464965
000000488203
000000357805
000000527224
000000300403
000000363272
000000087096
000000426705
000000536167
000000292001
000000142903
000000413419
000000066647
000000210597
000000303221
000000093483
000000058482
000000406340
000000356257
000000496799
000000292827
000000369543
000000422020
000000378293
000000414552
000000132781
000000278656
000000149422
000000472904
000000221743
000000551243
000000407413
000000473612
000000371216
000000235842
000000022420
000000517936
000000181489
000000075905
000000126714
000000399012
000000323268
000000447883
000000006364
000000058658
000000421102
000000045180
000000143578
000000353729
000000157105
000000581283
000000532131
000000352892
000000262353
000000390518
000000132002
000000142806
000000157230
000000197068
000000145999
000000290420
000000300232
000000254063
000000041575
000000004555
000000076484
000000155340
000000377583
000000181217
000000148239
000000400216
000000580777
000000504827
000000170107
000000102010
000000434036
000000047164
000000325505
000000395269
000000303537
000000350341
000000291269
000000140768
000000442301
000000329066
000000406215
000000020536
000000456412
000000362737
000000165359
000000163351
000000338528
000000036729
000000242467
000000269287
000000040018
000000424247
000000129064
000000301956
000000556980
000000248833
000000422427
000000470442
000000135438
000000465556
000000287335
000000100523
000000397593
000000154693
000000503081
000000544432
000000116882
000000039802
000000570381
000000244406
000000117466
000000482545
000000353568
000000481524
000000169885
000000545268
000000106463
000000539573
000000460755
000000412599
000000531244
000000494795
000000455275
000000108499
000000312398
000000238336
000000168837
000000051583
000000472164
000000129001
000000535106
000000567530
000000133114
000000006627
000000286511
000000127863
000000013140
000000154345
000000197739
000000505661
000000272242
000000010547
000000444336
000000054492
000000433605
000000164343
000000178924
000000314845
000000199502
000000239894
000000022929
000000396269
000000057454
000000571791
000000217154
000000546021
000000229401
000000367313
000000265719
000000289199
000000032655
000000061007
000000123762
000000122382
000000057936
000000377416
000000186502
000000550308
000000380162
000000102594
000000163514
000000141108
000000485239
000000378709
000000301169
000000334803
000000374156
000000505188
000000475808
000000252177
000000277888
000000419735
000000165675
000000036732
000000337219
000000376372
000000166805
000000216682
000000145935
000000432831
000000137365
000000355440
000000512463
000000220736
000000146813
000000270295
000000217707
000000460578
000000034128
000000113097
000000234457
000000415378
000000518849
000000087920
000000029753
000000017769
000000177974
000000158044
000000386592
000000321646
000000536149
000000439118
000000310680
000000304941
000000201186
000000253675
000000398697
000000489028
000000080016
000000195696
000000368103
000000341550
000000039131
000000325693
000000305409
000000533941
000000516931
000000331191
000000170207
000000277427
000000007239
000000147553
000000472143
000000304484
000000167529
000000140821
000000290566
000000035266
000000128431
000000022198
000000056849
000000569866
000000481162
000000203098
000000075726
000000116370
000000553304
000000245162
000000414122
000000051871
000000276711
000000075628
000000058079
000000492379
000000301221
000000340393
000000171736
000000007221
000000329535
000000460226
000000294214
000000306173
000000578088
000000178535
000000210472
000000294992
000000412151
000000308608
000000439546
000000214042
000000510254
000000133195
000000535750
000000302872
000000141263
000000094681
000000344194
000000260922
000000523487
000000014549
000000046014
000000481185
000000384961
000000318585
000000144280
000000411327
000000182474
000000524259
000000380252
000000530905
000000037527
000000334135
000000523495
000000569530
000000023176
000000355881
000000322402
000000314203
000000298132
000000395975
000000551934
000000476501
000000252646
000000422200
000000237437
000000536553
000000171729
000000558976
000000531532
000000197279
000000286858
000000010705
000000461908
000000292587
000000205904
000000381704
000000107144
000000481252
000000068075
000000015514
000000314388
000000239331
000000468162
000000092957
000000320832
000000487804
000000254600
000000119002
000000422897
000000548179
000000551036
000000184477
000000253770
000000147448
000000426040
000000323717
000000258517
000000510827
000000230133
000000232865
000000025121
000000402470
000000558864
000000388601
000000054683
000000156543
000000462353
000000330342
000000392717
000000305437
000000157480
000000079277
000000483611
000000318442
000000389206
000000269493
000000243307
000000036939
000000109937
000000402142
000000297929
000000449522
000000282464
000000565663
000000352286
000000352182
000000043921
000000489463
000000310047
000000157789
000000020031
000000159457
000000214373
000000060246
000000233780
000000158279
000000131524
000000210271
000000022759
000000307483
000000430760
000000304221
000000191570
000000280267
000000518883
000000211326
000000572926
000000305991
000000431452
000000565564
000000057498
000000147591
000000436400
000000059547
000000298473
000000530777
000000461688
000000498114
000000492715
000000229191
000000327550
000000477682
000000221681
000000130099
000000341894
000000207180
000000260774
000000133030
000000030187
000000374201
000000365133
000000281534
000000289248
000000399881
000000336697
000000009677
000000239180
000000082833
000000212685
000000189033
000000518110
000000380247
000000191197
000000402083
000000209126
000000360170
000000383414
000000176271
000000526592
000000461692
000000139914
000000268067
000000360503
000000099844
000000338007
000000190828
000000082118
000000479829
000000232093
000000266107
000000155741
000000142656
000000557402
000000094940
000000428299
000000490505
000000497528
000000044950
000000075114
000000328452
000000172226
000000395964
000000054218
000000273053
000000113985
000000154245
000000320015
000000332940
000000274134
000000547693
000000227439
000000324000
000000293716
000000035407
000000024671
000000196608
000000555685
000000053088
000000069340
000000276811
000000298261
000000411727
000000299004
000000222056
000000173068
000000293061
000000492151
000000137808
000000094702
000000417151
000000577821
000000127381
000000261648
000000255950
000000565462
000000329541
000000394043
000000086800
000000093838
000000052030
000000031142
000000243775
000000014337
000000573725
000000447197
000000416589
000000393251
000000483028
000000047235
000000276527
000000188854
000000501323
000000505754
000000368871
000000338864
000000210973
000000260448
000000233112
000000077481
000000445093
000000019852
000000367951
000000108557
000000495438
000000133905
000000445103
000000087986
000000377160
000000522441
000000272678
000000443597
000000564557
000000290428
000000536278
000000212704
000000039171
000000306475
000000430932
000000017409
000000312015
000000315486
000000474105
000000164899
000000221701
000000170053
000000253577
000000098325
000000250955
000000406395
000000578369
000000492179
000000264982
000000282828
000000225228
000000296913
000000283624
000000056646
000000253263
000000078923
000000508083
000000256781
000000050981
000000070491
000000053388
000000140347
000000411717
000000104888
000000176506
000000338903
000000120811
000000141135
000000442819
000000578786
000000455878
000000156806
000000004823
000000002240
000000304260
000000265895
000000028154
000000120254
000000564708
000000458139
000000167397
000000497500
000000082530
000000099407
000000438167
000000570280
000000156910
000000366897
000000448663
000000342851
000000197863
000000195969
000000046447
000000062446
000000521796
000000403038
000000333207
000000176580
000000203306
000000336643
000000049625
000000117112
000000300142
000000261305
000000210612
000000581278
000000256013
000000369331
000000078760
000000127712
000000090612
000000223838
000000159456
000000033445
000000151801
000000108375
000000059868
000000173647
000000299349
000000435848
000000473003
000000412483
000000537920
000000334981
000000537782
000000143269
000000259398
000000441814
000000230916
000000013383
000000025014
000000309511
000000216098
000000581736
000000561326
000000317764
000000285451
000000165470
000000366373
000000553224
000000227709
000000027012
000000158233
000000546527
000000531092
000000573063
000000098003
000000466445
000000422779
000000107846
000000472445
000000494552
000000218114
000000404475
000000298998
000000055683
000000374498
000000214671
000000536058
000000278214
000000243482
000000475990
000000137220
000000242900
000000445906
000000390996
000000412377
000000114854
000000405225
000000170211
000000402321
000000532106
000000245534
000000500467
000000187525
000000125667
000000236945
000000327449
000000256097
000000521250
000000131725
000000306677
000000172422
000000072845
000000106788
000000576301
000000448533
000000216218
000000226076
000000065206
000000369593
000000464856
000000030706
000000106644
000000197155
000000080749
000000102133
000000311358
000000078663
000000245935
000000087229
000000057306
000000022627
000000242547
000000500634
000000491269
000000554171
000000509811
000000132493
000000517178
000000068434
000000171808
000000402330
000000381922
000000471573
000000370899
000000490624
000000537395
000000236740
000000447823
000000071159
000000183392
000000373857
000000350165
000000581566
000000258815
000000017761
000000376796
000000225571
000000334609
000000122688
000000435573
000000465495
000000280494
000000429715
000000467022
000000170483
000000207862
000000235017
000000534224
000000102006
000000154241
000000520485
000000137724
000000549230
000000056435
000000018501
000000530384
000000174745
000000418717
000000136644
000000028002
000000074739
000000108642
000000514064
000000348269
000000225282
000000149737
000000434858
000000311273
000000564653
000000215555
000000565582
000000116570
000000018571
000000317995
000000461458
000000373266
000000379777
000000180285
000000409091
000000120145
000000094113
000000109895
000000028824
000000268395
000000108193
000000481931
000000205089
000000235518
000000477434
000000422696
000000517007
000000373574
000000224281
000000536376
000000315092
000000528541
000000476539
000000001591
000000211983
000000085933
000000095620
000000164105
000000532212
000000086412
000000413776
000000006484
000000347380
000000075527
000000138276
000000461254
000000357852
000000577830
000000267402
000000371435
000000132193
000000137715
000000295864
000000309633
000000326229
000000293548
000000217591
000000074840
000000383420
000000364188
000000023415
000000568492
000000567616
000000331978
000000002759
000000416930
000000334197
000000473745
000000580766
000000186563
000000096973
000000169598
000000467411
000000358253
000000343853
000000321169
000000260634
000000257544
000000155749
000000557922
000000520489
000000161585
000000051277
000000532983
000000337877
000000117371
000000452750
000000035146
000000085143
000000157876
000000228901
000000262738
000000118034
000000432286
000000290668
000000526165
000000231337
000000343526
000000268229
000000472654
000000502708
000000067156
000000164759
000000552018
000000455020
000000545670
000000546454
000000376131
000000077417
000000319905
000000046306
000000241503
000000221427
000000271736
000000264250
000000231714
000000279978
000000550707
000000119181
000000374530
000000396858
000000152209
000000018267
000000398209
000000478812
000000160108
000000563656
000000578972
000000529352
000000270111
000000509000
000000116250
000000124072
000000294957
000000074534
000000181047
000000189129
000000376266
000000143458
000000223295
000000338059
000000209763
000000052546
000000139748
000000291839
000000175597
000000047737
000000094087
000000048285
000000115519
000000553401
000000043742
000000002106
000000567036
000000458058
000000003084
000000247858
000000466247
000000434394
000000509607
000000196462
000000226232
000000546649
000000081567
000000284529
000000078460
000000472941
000000556202
000000243810
000000146738
000000277831
000000469047
000000551663
000000230598
000000521379
000000308353
000000254779
000000153803
000000351034
000000118109
000000254431
000000546631
000000255713
000000009651
000000369357
000000439689
000000417885
000000570351
000000296846
000000387712
000000221053
000000146126
000000489264
000000545016
000000215023
000000440401
000000031280
000000413799
000000064196
000000009760
000000232280
000000432258
000000117973
000000044596
000000437325
000000380893
000000377235
000000118846
000000016257
000000376366
000000452623
000000376087
000000285618
000000151358
000000518918
000000354976
000000551403
000000416909
000000398727
000000324315
000000211632
000000421876
000000455720
000000008396
000000275644
000000162322
000000312390
000000505133
000000347405
000000452696
000000108212
000000337158
000000280873
000000028085
000000279961
000000228293
000000285045
000000070675
000000426421
000000027550
000000514402
000000078394
000000268856
000000454731
000000442104
000000053744
000000505657
000000439871
000000039195
000000331354
000000135161
000000018395
000000017936
000000480376
000000494486
000000284290
000000028750
000000141236
000000072899
000000312246
000000429587
000000319117
000000088244
000000065252
000000018442
000000143167
000000579043
000000260977
000000312896
000000259986
000000370444
000000149641
000000328676
000000183888
000000309295
000000290750
000000209299
000000559497
000000134271
000000504108
000000369022
000000352162
000000316154
000000307989
000000560635
000000375503
000000211347
000000227040
000000387887
000000031660
000000052068
000000268793
000000444644
000000252188
000000131920
000000112069
000000343634
000000537656
000000506327
000000231093
000000007288
000000251503
000000007839
000000547229
000000319197
000000530383
000000002347
000000422816
000000028864
000000110004
000000283697
000000403521
000000129980
000000039078
000000472109
000000404753
000000174774
000000026939
000000134133
000000265629
000000113956
000000103379
000000484627
000000246342
000000455737
000000334170
000000101355
000000396380
000000469873
000000034523
000000391978
000000455299
000000570879
000000258020
000000457381
000000279588
000000261349
000000100726
000000211388
000000218628
000000097330
000000081585
000000150772
000000308295
000000445249
000000510651
000000534128
000000527102
000000465466
000000158647
000000531523
000000326836
000000203438
000000544002
000000437662
000000176106
000000076313
000000442400
000000222990
000000317349
000000147919
000000249616
000000385001
000000340535
000000256664
000000267348
000000260134
000000063561
000000481819
000000423395
000000521657
000000464339
000000156025
000000218494
000000214024
000000253656
000000359589
000000169438
000000359537
000000001085
000000337177
000000097795
000000156404
000000041549
000000440002
000000008747
000000427805
000000247136
000000511159
000000169365
000000014781
000000327183
000000380842
000000533449
000000510729
000000328792
000000386768
000000361394
000000092835
000000388740
000000026045
000000560748
000000371186
000000486072
000000477672
000000059654
000000526227
000000183898
000000430052
000000266176
000000351116
000000221515
000000546029
000000203179
000000441058
000000358255
000000552199
000000303408
000000034571
000000263281
000000316700
000000158497
000000031247
000000346947
000000387421
000000529151
000000430481
000000071631
000000047213
000000459718
000000222024
000000133517
000000498165
000000163473
000000462955
000000246004
000000209012
000000129359
000000578596
000000384424
000000208417
000000046146
000000325206
000000393649
000000498986
000000530500
000000467394
000000556551
000000526739
000000021883
000000005472
000000581022
000000345578
000000212302
000000390292
000000231415
000000190783
000000127353
000000265274
000000516774
000000082324
000000153585
000000425117
000000571641
000000559067
000000165750
000000296735
000000337490
000000053339
000000134738
000000553061
000000081479
000000086294
000000419696
000000494282
000000430989
000000362711
000000298501
000000326098
000000007855
000000107140
000000036022
000000359876
000000202086
000000508822
000000392747
000000365471
000000508247
000000302185
000000273049
000000228678
000000377772
000000446421
000000237608
000000258774
000000340547
000000443875
000000396661
000000281853
000000197600
000000496404
000000020997
000000090067
000000236279
000000388662
000000472749
000000273929
000000562174
000000121782
000000151403
000000348593
000000485169
000000309161
000000457371
000000396326
000000520956
000000068685
000000022341
000000346752
000000268233
000000574110
000000288194
000000257786
000000515197
000000038722
000000232963
000000395761
000000338438
000000021740
000000281123
000000253729
000000248419
000000245659
000000054194
000000482452
000000525420
000000062038
000000460684
000000041152
000000486732
000000271829
000000495984
000000095516
000000171239
000000287415
000000506515
000000323728
000000086907
000000069015
000000413900
000000195952
000000331096
000000217460
000000189257
000000165956
000000249825
000000256953
000000167661
000000239007
000000261780
000000435452
000000026068
000000217329
000000420649
000000479855
000000474424
000000330536
000000077376
000000012377
000000416002
000000567523
000000093230
000000062770
000000198631
000000577077
000000405709
000000008813
000000325682
000000025414
000000171966
000000355186
000000223988
000000218093
000000525721
000000232852
000000577995
000000015644
000000323968
000000315994
000000426076
000000549101
000000476094
000000392879
000000422967
000000263714
000000426585
000000120380
000000235700
000000479008
000000160503
000000349943
000000349133
000000305564
000000096202
000000329546
000000334161
000000536830
000000521375
000000296707
000000494192
000000081654
000000007594
000000234929
000000187279
000000233073
000000421253
000000311635
000000071371
000000112697
000000506470
000000128665
000000229010
000000004386
000000344196
000000472686
000000519299
000000078546
000000002896
000000569314
000000083202
000000360178
000000235701
000000427544
000000073973
000000135875
000000011742
000000476965
000000122264
000000168250
000000012102
000000132861
000000478835
000000279829
000000114226
000000414088
000000328437
000000185512
000000294159
000000445662
000000411587
000000441862
000000462054
000000037479
000000170366
000000463132
000000140020
000000472733
000000344654
000000342665
000000160940
000000019818
000000206280
000000381275
000000485374
000000010948
000000427586
000000143470
000000400333
000000365312
000000422350
000000017953
000000135975
000000131565
000000406074
000000099192
000000363241
000000230296
000000051663
000000538779
000000480411
000000065520
000000031812
000000044616
000000556360
000000001006
000000501126
000000118369
000000376469
000000037945
000000450129
000000265315
000000401182
000000387068
000000265851
000000096105
000000198611
000000205125
000000076753
000000473726
000000241832
000000266655
000000076541
000000507215
000000072051
000000330481
000000436918
000000011168
000000292464
000000576855
000000124185
000000369848
000000211303
000000110123
000000001084
000000399510
000000263685
000000330004
000000094984
000000379980
000000188599
000000356749
000000524248
000000119834
000000158982
000000204863
000000366136
000000339029
000000342206
000000016980
000000452168
000000444206
000000406826
000000348368
000000409331
000000117991
000000159128
000000578524
000000250978
000000514018
000000416622
000000466967
000000265737
000000210884
000000210809
000000231325
000000210769
000000552444
000000168624
000000491727
000000480663
000000563138
000000519566
000000369631
000000420406
000000437967
000000481725
000000074982
000000574837
000000306584
000000065484
000000080562
000000239038
000000049957
000000312041
000000451739
000000423622
000000470808
000000473370
000000213578
000000173968
000000450584
000000213677
000000129675
000000017076
000000529273
000000388149
000000493254
000000526675
000000553758
000000319465
000000346302
000000563652
000000458922
000000092344
000000396330
000000017105
000000282137
000000191240
000000065463
000000203577
000000265158
000000260025
000000155219
000000458083
000000375500
000000187475
000000178526
000000268622
000000438899
000000136917
000000457146
000000522100
000000383637
000000482730
000000496287
000000439303
000000167346
000000290563
000000139512
000000361177
000000573209
000000099785
000000290645
000000281210
000000503023
000000184139
000000194545
000000502326
000000243824
000000501242
000000070479
000000318736
000000407575
000000270179
000000578950
000000522947
000000493333
000000279723
000000560138
000000556176
000000199133
000000441449
000000341011
000000032947
000000162728
000000314023
000000183715
000000556569
000000097217
000000327029
000000342633
000000193359
000000253227
000000368081
000000437774
000000570995
000000484281
000000480333
000000055947
000000071255
000000344293
000000293855
000000083097
000000241527
000000337917
000000556073
000000479036
000000120648
000000163559
000000393054
000000547227
000000455632
000000573349
000000351057
000000003917
000000168217
000000076590
000000014432
000000305772
000000291784
000000401313
000000549518
000000385150
000000294565
000000333101
000000224632
000000478537
000000269089
000000217855
000000474822
000000034520
000000492183
000000323372
000000292792
000000171536
000000557130
000000429048
000000164553
000000053004
000000506270
000000424837
000000174421
000000288890
000000576589
000000051100
000000314556
000000324171
000000402528
000000518685
000000171081
000000096693
000000460980
000000017946
000000373219
000000126301
000000431746
000000439463
000000484013
000000063726
000000357612
000000517819
000000240543
000000535786
000000509895
000000021001
000000479394
000000477566
000000370479
000000364911
000000137595
000000140983
000000571395
000000385236
000000210437
000000410256
000000068032
000000218775
000000272968
000000147154
000000070474
000000219339
000000175484
000000073639
000000099159
000000337083
000000081463
000000263202
000000061825
000000426880
000000132573
000000355425
000000186182
000000206705
000000220042
000000497847
000000551073
000000057707
000000413600
000000538518
000000231589
000000051737
000000098895
000000143450
000000416286
000000308849
000000101088
000000202260
000000410102
000000395452
000000022854
000000523114
000000313356
000000287988
000000308730
000000224677
000000008195
000000408730
000000233521
000000069750
000000573605
000000286009
000000569783
000000367372
000000117428
000000320137
000000434389
000000526696
000000083670
000000444362
000000509129
000000393696
000000174011
000000500071
000000015307
000000170012
000000452806
000000162848
000000070380
000000533511
000000437810
000000424278
000000360185
000000551522
000000287578
000000100770
000000464871
000000529300
000000213020
000000243333
000000169891
000000369594
000000397734
000000564566
000000206066
000000309405
000000535952
000000461841
000000220518
000000292482
000000481124
000000307611
000000543790
000000294035
000000032843
000000539216
000000457616
000000383639
000000564235
000000150821
000000001295
000000018402
000000163045
000000141386
000000067988
000000034301
000000345844
000000410331
000000549112
000000079901
000000172805
000000328995
000000575523
000000438252
000000065261
000000169468
000000398067
000000211041
000000253065
000000011390
000000021232
000000464440
000000087885
000000227193
000000004259
000000268742
000000147492
000000167393
000000310058
000000179102
000000396324
000000296009
000000153733
000000243189
000000493368
000000055033
000000541314
000000106346
000000464602
000000265187
000000167906
000000406739
000000307573
000000188434
000000484044
000000369735
000000518075
000000090862
000000282583
000000216322
000000559721
000000248945
000000557567
000000436023
000000020168
000000540321
000000076978
000000045422
000000105589
000000062743
000000167848
000000341006
000000407808
000000414663
000000510371
000000532778
000000450136
000000438858
000000205960
000000489785
000000494056
000000061831
000000206341
000000551169
000000445731
000000334381
000000079992
000000138204
000000506045
000000380108
000000155102
000000011276
000000179850
000000064896
000000083134
000000147466
000000164100
000000207051
000000425870
000000174503
000000457168
000000247477
000000005508
000000487734
000000345585
000000467250
000000425672
000000442016
000000422916
000000423189
000000481796
000000409367
000000256107
000000122786
000000159215
000000178221
000000233526
000000495903
000000510299
000000087493
000000174098
000000550372
000000084363
000000412722
000000562394
000000035672
000000228261
000000017967
000000105063
000000114108
000000347150
000000255654
000000001994
000000576227
000000504348
000000009488
000000194876
000000123722
000000137829
000000386475
000000549317
000000193498
000000355106
000000377647
000000260927
000000398767
000000110308
000000394698
000000560890
000000173882
000000488605
000000086655
000000208172
000000097092
000000438478
000000527407
000000061967
000000034683
000000149921
000000387212
000000526735
000000442929
000000517548
000000073685
000000380128
000000185730
000000403592
000000298672
000000362714
000000322324
000000160994
000000485931
000000294853
000000570783
000000208054
000000254096
000000111014
000000008245
000000465027
000000198405
000000518189
000000565321
000000423424
000000465529
000000497558
000000371198
000000547246
000000121565
000000064693
000000348606
000000478958
000000544701
000000411358
000000523664
000000521428
000000219523
000000199946
000000253487
000000047654
000000512723
000000537293
000000350268
000000558671
000000134223
000000532963
000000472737
000000265179
000000094858
000000081307
000000469795
000000146004
000000520361
000000101479
000000079873
000000044998
000000235410
000000362094
000000311162
000000052282
000000149250
000000032829
000000185633
000000234748
000000205850
000000361670
000000216398
000000459118
000000573931
000000143070
000000222760
000000062173
000000352398
000000551082
000000239352
000000492399
000000344467
000000494618
000000479066
000000480368
000000144481
000000553075
000000213579
000000246718
000000144430
000000517625
000000493307
000000487632
000000547777
000000390311
000000152398
000000026745
000000110562
000000113745
000000237281
000000169988
000000535808
000000342460
000000556067
000000211098
000000220292
000000298304
000000152965
000000159151
000000421825
000000108739
000000378940
000000289058
000000577614
000000317216
000000221199
000000445777
000000488457
000000391460
000000396976
000000132520
000000066373
000000516080
000000064516
000000359356
000000036973
000000023718
000000151954
000000193599
000000442365
000000497002
000000347796
000000283868
000000266587
000000127050
000000151289
000000210686
000000106193
000000091285
000000516957
000000184065
000000381205
000000499033
000000020903
000000506011
000000159299
000000094334
000000258996
000000247849
000000452179
000000127196
000000529631
000000421010
000000576672
000000518415
000000209923
000000491837
000000258555
000000499700
000000136670
000000222140
000000165753
000000421298
000000222009
000000545039
000000420450
000000137096
000000359168
000000257339
000000452470
000000021400
000000086676
000000235722
000000239082
000000142337
000000307866
000000395241
000000085268
000000323515
000000090239
000000407346
000000563477
000000065457
000000051630
000000260181
000000103435
000000199555
000000320987
000000140092
000000457205
000000130563
000000205477
000000457342
000000303418
000000316061
000000300472
000000438755
000000186880
000000392320
000000464271
000000225403
000000163939
000000191439
000000483080
000000354814
000000214727
000000275219
000000355778
000000467973
000000478781
000000078305
000000044138
000000549426
000000421315
000000400536
000000177954
000000454199
000000178504
000000360700
000000573119
000000334310
000000183788
000000145337
000000360706
000000488801
000000072258
000000570188
000000138254
000000508831
000000123579
000000493272
000000334463
000000099747
000000419501
000000557117
000000453862
000000455651
000000236424
000000282283
000000103510
000000194289
000000241836
000000239389
000000537761
000000334101
000000073096
000000386784
000000419559
000000138367
000000152994
000000448177
000000570548
000000350230
000000125311
000000008332
000000313979
000000551791
000000334240
000000453366
000000062510
000000362668
000000174470
000000329502
000000200978
000000153105
000000354938
000000151521
000000061587
000000068637
000000286778
000000398073
000000185807
000000493048
000000531995
000000316298
000000300380
000000512576
000000180799
000000507532
000000325587
000000457383
000000144200
000000360440
000000561677
000000561289
000000071737
000000394478
000000459093
000000506605
000000426911
000000150374
000000381458
000000180720
000000362740
000000183236
000000460565
000000182496
000000506226
000000561783
000000497733
000000330164
000000309521
000000258894
000000277096
000000193193
000000559221
000000185225
000000526319
000000248847
000000228435
000000580505
000000285486
000000033835
000000499166
000000235949
000000281906
000000506429
000000096260
000000548894
000000426558
000000464751
000000467180
000000020575
000000011527
000000057222
000000322369
000000233143
000000182450
000000407975
000000362184
000000209044
000000383173
000000374605
000000119360
000000541486
000000372871
000000324381
000000373199
000000043193
000000146933
000000208506
000000145318
000000496605
000000333134
000000017914
000000254237
000000090322
000000130555
000000007361
000000529447
000000335098
000000317310
000000120721
000000046298
000000514525
000000029698
000000078221
000000322002
000000384070
000000058708
000000380084
000000162580
000000225352
000000413334
000000231905
000000533364
000000579453
000000245315
000000046640
000000395888
000000568367
000000048711
000000071769
000000456113
000000272155
000000433055
000000461561
000000085398
000000001647
000000007931
000000022529
000000416473
000000048850
000000366408
000000024518
000000032704
000000016334
000000230268
000000186131
000000424044
000000216116
000000382589
000000397358
000000413489
000000414884
000000258243
000000265810
000000378929
000000423184
000000399097
000000224052
000000029982
000000567254
000000134532
000000060320
000000051083
000000274697
000000536008
000000094607
000000304186
000000311370
000000419324
000000347128
000000528587
000000469040
000000426841
000000216510
000000158051
000000182645
000000544451
000000509483
000000120400
000000013568
000000359408
000000513129
000000299782
000000547630
000000264654
000000182673
000000270239
000000421656
000000345224
000000537127
000000155076
000000433224
000000560472
000000465080
000000209092
000000347763
000000303430
000000108838
000000407192
000000539647
000000050099
000000413058
000000174028
000000400985
000000256722
000000456178
000000355736
000000400625
000000561168
000000283890
000000557107
000000531645
000000446006
000000058731
000000118471
000000129912
000000517253
000000189842
000000318234
000000424505
000000051379
000000561891
000000553441
000000162547
000000494837
000000221247
000000451033
000000314188
000000529260
000000229407
000000287233
000000569722
000000160573
000000276037
000000411962
000000274010
000000325584
000000292226
000000486989
000000304744
000000207400
000000537807
000000461410
000000058001
000000125718
000000545611
000000524710
000000094501
000000126073
000000516655
000000060548
000000318857
000000400075
000000250629
000000525176
000000213753
000000323056
000000071618
000000329014
000000165559
000000061717
000000399009
000000251700
000000263769
000000564733
000000142295
000000043961
000000290361
000000148267
000000142896
000000523641
000000007539
000000316650
000000255272
000000351159
000000487510
000000137315
000000022360
000000226795
000000129159
000000338057
000000129871
000000548452
000000388469
000000363308
000000425179
000000421401
000000453680
000000560691
000000253247
000000501400
000000100959
000000171181
000000424539
000000113023
000000557344
000000332115
000000291915
000000130180
000000039698
000000095891
000000258089
000000059821
000000242981
000000346013
000000562242
000000177107
000000302055
000000284297
000000105529
000000219348
000000241962
000000132652
000000319781
000000505713
000000060409
000000160214
000000211868
000000353808
000000101401
000000138032
000000109296
000000253550
000000159356
000000175494
000000462404
000000106034
000000421734
000000237233
000000498409
000000060624
000000361620
000000207779
000000360408
000000478517
000000003382
000000113367
000000178748
000000436859
000000255375
000000231148
000000347967
000000084214
000000315637
000000339693
000000333502
000000445041
000000171192
000000020417
000000276964
000000014329
000000334328
000000522897
000000403677
000000222260
000000137763
000000414201
000000237944
000000055689
000000041678
000000110501
000000205313
000000123791
000000049095
000000381485
000000362811
000000358017
000000006773
000000238795
000000344806
000000021786
000000211201
000000072583
000000469514
000000112480
000000404666
000000137890
000000515662
000000146568
000000434527
000000462589
000000409627
000000514988
000000243724
000000509492
000000218406
000000578343
000000351328
000000240661
000000147195
000000027063
