000000347748
000000406826
000000549746
000000019074
000000474732
000000026227
000000065463
000000535403
000000561064
000000279947
000000140867
000000342452
000000379508
000000004761
000000185326
000000548706
000000561776
000000236552
000000476738
000000425691
000000450977
000000534300
000000088214
000000353866
000000400235
000000274633
000000554128
000000317896
000000245853
000000128429
000000504907
000000275929
000000488915
000000572282
000000239398
000000551757
000000198796
000000324732
000000530086
000000377864
000000067833
000000217707
000000431199
000000246396
000000121612
000000054171
000000277544
000000510638
000000574460
000000535602
000000418009
000000168624
000000555022
000000169495
000000460812
000000203541
000000113391
000000065898
000000483695
000000394404
000000400080
000000148931
000000507992
000000028766
000000418107
000000481954
000000380828
000000218253
000000469614
000000034624
000000001298
000000520427
000000549209
000000253265
000000568962
000000236596
000000188192
000000381828
000000281365
000000154610
000000567523
000000324012
000000367899
000000447548
000000212047
000000146774
000000398157
000000452682
000000083462
000000142481
000000483611
000000536039
000000047524
000000005345
000000316281
000000194530
000000152492
000000523772
000000500162
000000542443
000000535501
000000536605
000000298622
000000420575
000000240646
000000371151
000000400722
000000457449
000000317615
000000142246
000000077432
000000134290
000000266515
000000046889
000000513105
000000401157
000000329756
000000101952
000000291833
000000455767
000000036726
000000459466
000000355291
000000272800
000000117441
000000196594
000000333379
000000540831
000000343503
000000555857
000000269386
000000306030
000000237911
000000445759
000000221663
000000014653
000000477497
000000464150
000000234986
000000205309
000000009527
000000189893
000000262845
000000358620
000000530201
000000051963
000000372482
000000488386
000000395865
000000511559
000000035456
000000464462
000000164170
000000392727
000000084046
000000093946
000000164921
000000248009
000000458321
000000375192
000000018957
000000252411
000000541086
000000387990
000000577654
000000379304
000000506576
000000555035
000000283190
000000422095
000000474970
000000065047
000000234430
000000044998
000000385743
000000487766
000000205904
000000463599
000000173865
000000572252
000000224056
000000418985
000000432036
000000182300
000000185712
000000265447
000000134738
000000055290
000000243839
000000406000
000000173069
000000191301
000000044702
000000221303
000000394481
000000397315
000000553304
000000426101
000000127301
000000108315
000000329502
000000259760
000000046950
000000561190
000000208605
000000402621
000000138254
000000470722
000000110240
000000237944
000000392154
000000360831
000000020632
000000355124
000000438628
000000014766
000000431044
000000377609
000000086243
000000350108
000000287449
000000114132
000000350234
000000496617
000000203085
000000258336
000000393954
000000342206
000000574697
000000239331
000000438349
000000388075
000000036281
000000404063
000000500568
000000296620
000000235537
000000453815
000000231500
000000566600
000000281194
000000541298
000000352660
000000179045
000000390969
000000454543
000000036880
000000327892
000000234161
000000255804
000000552938
000000161657
000000008781
000000040426
000000516248
000000359951
000000473555
000000039211
000000396284
000000474941
000000060472
000000387102
000000416930
000000002240
000000140817
000000411400
000000270623
000000344264
000000554471
000000276552
000000527464
000000414738
000000102349
000000552217
000000032328
000000129097
000000154652
000000291816
000000159356
000000343634
000000400576
000000008336
000000446677
000000372669
000000554341
000000039669
000000389056
000000016334
000000494837
000000099159
000000105737
000000095915
000000124931
000000106229
000000174028
000000550403
000000147963
000000095148
000000284042
000000013357
000000135399
000000459151
000000336668
000000288941
000000483769
000000169845
000000248459
000000167645
000000399873
000000485984
000000332578
000000314388
000000410576
000000237600
000000397819
000000454969
000000283697
000000024310
000000051741
000000525176
000000017429
000000159723
000000409740
000000153638
000000228434
000000409708
000000144809
000000386890
000000555904
000000108853
000000430597
000000269551
000000456988
000000281683
000000379596
000000005652
000000308372
000000417549
000000202832
000000558142
000000266240
000000166225
000000560307
000000246470
000000244406
000000275969
000000352511
000000281564
000000479400
000000120428
000000519852
000000141807
000000140588
000000118916
000000472320
000000315805
000000345881
000000039065
000000111737
000000319391
000000195525
000000579846
000000239613
000000484549
000000043073
000000523536
000000507167
000000080654
000000109707
000000139304
000000298395
000000163348
000000112697
000000362795
000000218809
000000443887
000000173258
000000237344
000000275353
000000247929
000000335914
000000311354
000000381996
000000126014
000000415429
000000492151
000000102090
000000092020
000000390184
000000424408
000000576421
000000020070
000000007787
000000555015
000000208121
000000533962
000000080339
000000006578
000000149657
000000091304
000000295524
000000414857
000000190475
000000571039
000000084283
000000558342
000000424139
000000206049
000000313254
000000526196
000000536654
000000333712
000000460053
000000165936
000000550760
000000408838
000000133476
000000060602
000000035573
000000300568
000000391662
000000450426
000000182658
000000365488
000000325014
000000286149
000000141581
000000319221
000000182025
000000032405
000000083086
000000409744
000000568492
000000175991
000000328745
000000554607
000000240111
000000083651
000000399200
000000146504
000000128180
000000451324
000000124580
000000068356
000000128029
000000046997
000000334789
000000530508
000000254063
000000501278
000000150986
000000545016
000000474751
000000130966
000000464993
000000070626
000000430684
000000478260
000000360020
000000108751
000000479803
000000296759
000000563935
000000422270
000000151832
000000373793
000000100396
000000445594
000000285160
000000064733
000000536730
000000345114
000000209027
000000409194
000000194425
000000043893
000000264124
000000163710
000000026583
000000233625
000000029473
000000473849
000000248755
000000277529
000000427583
000000445900
000000495419
000000178847
000000267068
000000371928
000000236843
000000222453
000000176671
000000375483
000000468022
000000181922
000000332420
000000068075
000000350310
000000564330
000000465247
000000199962
000000527102
000000404350
000000508749
000000039881
000000448928
000000102609
000000570870
000000303215
000000438861
000000155106
000000060274
000000221045
000000365626
000000544832
000000217436
000000158848
000000124824
000000455674
000000360371
000000292001
000000338357
000000321007
000000250124
000000570353
000000108639
000000455877
000000395259
000000292463
000000242296
000000272034
000000547227
000000578572
000000022194
000000251798
000000528299
000000186880
000000000208
000000357117
000000170041
000000399661
000000309889
000000175310
000000007277
000000017892
000000351759
000000316047
000000219493
000000399746
000000088917
000000231253
000000134320
000000123136
000000096643
000000343165
000000457572
000000348006
000000292512
000000523484
000000499242
000000502231
000000038314
000000379261
000000227127
000000153956
000000457718
000000484273
000000433770
000000121001
000000096056
000000541538
000000524211
000000160893
000000193254
000000426897
000000232822
000000153455
000000454072
000000552074
000000282672
000000017741
000000006406
000000107734
000000373111
000000120819
000000088603
000000528851
000000087876
000000226442
000000473797
000000577759
000000469795
000000068444
000000457723
000000050148
000000146850
000000308047
000000103773
000000185633
000000187724
000000330737
000000103379
000000230367
000000333020
000000554699
000000259149
000000315411
000000062648
000000058632
000000329242
000000474472
000000390125
000000531541
000000535898
000000517548
000000429332
000000258768
000000422336
000000334220
000000005667
000000165422
000000202748
000000134574
000000488135
000000148809
000000353701
000000364169
000000322402
000000554815
000000448511
000000301409
000000502933
000000351183
000000229378
000000555211
000000305141
000000015552
000000090365
000000333643
000000434585
000000215226
000000309044
000000159463
000000353935
000000433334
000000034752
000000358174
000000032699
000000294744
000000066172
000000399006
000000131277
000000285395
000000393442
000000565116
000000514089
000000207060
000000415203
000000050846
000000370839
000000172886
000000411587
000000292051
000000557174
000000145189
000000113139
000000360277
000000327165
000000448259
000000005244
000000545507
000000009248
000000191551
000000397433
000000504827
000000517936
000000169415
000000429174
000000400166
000000552029
000000529544
000000044269
000000107922
000000422145
000000024386
000000476925
000000159923
000000164339
000000436168
000000277390
000000456145
000000383267
000000144870
000000184401
000000560025
000000205847
000000186276
000000437774
000000163297
000000509509
000000538517
000000579453
000000051191
000000139258
000000209763
000000090293
000000506360
000000570938
000000065588
000000572985
000000530520
000000286174
000000434354
000000324492
000000450704
000000335093
000000120333
000000298109
000000551507
000000017273
000000574250
000000575923
000000179696
000000313809
000000141702
000000061647
000000436479
000000304125
000000324032
000000031113
000000204188
000000389464
000000202225
000000093644
000000264741
000000532411
000000203208
000000047882
000000297787
000000401541
000000479749
000000194907
000000196368
000000505386
000000321394
000000186125
000000574388
000000271143
000000117542
000000235933
000000315938
000000022474
000000522069
000000018952
000000274697
000000262369
000000396528
000000321665
000000548953
000000519337
000000167994
000000093018
000000076122
000000307881
000000032044
000000384592
000000514697
000000247131
000000070527
000000136289
000000543897
000000090319
000000016030
000000489645
000000210956
000000576369
000000531784
000000509855
000000438103
000000463571
000000460453
000000381837
000000236822
000000213020
000000222397
000000099937
000000319917
000000268742
000000454217
000000053802
000000335785
000000419135
000000357057
000000575133
000000275644
000000498134
000000108548
000000091707
000000057870
000000002083
000000268159
000000525668
000000462454
000000215002
000000180186
000000541288
000000020760
000000227893
000000113571
000000039588
000000053514
000000103355
000000181475
000000023546
000000566188
000000158982
000000202739
000000097913
000000053484
000000128970
000000282841
000000554987
000000403231
000000033372
000000308025
000000414212
000000049713
000000181576
000000502808
000000262059
000000450889
000000037708
000000016523
000000460916
000000079591
000000147172
000000198610
000000483328
000000414112
000000536417
000000325801
000000268444
000000413989
000000567893
000000114162
000000213976
000000191174
000000380900
000000195712
000000521947
000000300424
000000036090
000000347483
000000035018
000000421529
000000123125
000000243836
000000271712
000000549759
000000385259
000000404254
000000410312
000000501491
000000233428
000000081943
000000545249
000000461597
000000466664
000000294437
000000484200
000000079421
000000450330
000000396372
000000033093
000000064155
000000321064
000000062154
000000516624
000000218625
000000399851
000000154274
000000038816
000000035508
000000260953
000000523035
000000562930
000000450963
000000123351
000000168291
000000077402
000000475887
000000009113
000000416157
000000530064
000000073009
000000095390
000000171762
000000420344
000000177375
000000034120
000000456200
000000189425
000000354695
000000529411
000000470104
000000431355
000000256270
000000546569
000000069214
000000441095
000000162677
000000417089
000000281331
000000162322
000000133486
000000126135
000000354527
000000425550
000000280607
000000433125
000000089298
000000292810
000000562495
000000281764
000000131018
000000155696
000000500967
000000114401
000000177974
000000304689
000000097981
000000194248
000000172420
000000560858
000000009199
000000281066
000000170178
000000435882
000000190306
000000243361
000000570037
000000336901
000000022689
000000102793
000000468417
000000321674
000000364487
000000237350
000000488942
000000131884
000000273142
000000228920
000000244754
000000014970
000000160944
000000474446
000000188725
000000101090
000000443963
000000243820
000000360216
000000099568
000000238154
000000502827
000000007789
000000191197
000000524476
000000333583
000000512292
000000055874
000000168595
000000009119
000000128127
000000363844
000000459723
000000347362
000000527649
000000360772
000000246736
000000410924
000000472941
000000335940
000000099314
000000477672
000000500271
000000292090
000000065484
000000440057
000000325208
000000433277
000000037880
000000125597
000000155861
000000353102
000000381192
000000109666
000000259192
000000537293
000000027706
000000477434
000000065837
000000333140
000000507875
000000405291
000000015704
000000261569
000000247034
000000240457
000000566713
000000052030
000000084363
000000548088
000000304143
000000338323
000000021223
000000371137
000000292157
000000382881
000000478874
000000015809
000000164642
000000086426
000000481747
000000045183
000000429715
000000092602
000000200882
000000463201
000000178941
000000026768
000000310163
000000172094
000000414750
000000118736
000000565112
000000309797
000000141496
000000037843
000000009712
000000314190
000000393251
000000143900
000000004396
000000110265
000000078359
000000258155
000000269723
000000574221
000000516725
000000464585
000000155591
000000387281
000000472704
000000130598
000000256930
000000217923
000000232596
000000247680
000000347189
000000072437
000000016273
000000212058
000000084284
000000168440
000000569530
000000118909
000000500446
000000264567
000000411943
000000324450
000000316400
000000549450
000000090488
000000445103
000000041272
000000023311
000000297929
000000283632
000000517451
000000149566
000000084740
000000281853
000000074780
000000071608
000000386700
000000110559
000000324717
000000380279
000000275855
000000125995
000000183481
000000031157
000000045582
000000538349
000000361253
000000368594
000000274888
000000394957
000000428050
000000572296
000000440827
000000153460
000000427252
000000313569
000000565932
000000039538
000000119536
000000264236
000000230265
000000518242
000000523981
000000503640
000000577876
000000157205
000000443410
000000314787
000000371530
000000572179
000000267998
000000000909
000000183456
000000226374
000000501909
000000200680
000000542786
000000427975
000000305084
000000449466
000000089391
000000034212
000000357586
000000310277
000000430101
000000298458
000000068136
000000018801
000000535643
000000006190
000000401182
000000474031
000000085836
000000014591
000000512304
000000247909
000000406286
000000552585
000000418944
000000481890
000000003425
000000005962
000000149196
000000424503
000000413528
000000468306
000000176257
000000212704
000000543882
000000372460
000000430731
000000212525
000000487159
000000122216
000000577821
000000359098
000000061414
000000079193
000000482330
000000356610
000000004108
000000233264
000000126810
000000074959
000000552962
000000397792
000000300244
000000371927
000000425905
000000242138
000000489879
000000005360
000000484304
000000554598
000000180055
000000574145
000000456033
000000407911
000000366500
000000344488
000000389312
000000024002
000000421588
000000102174
000000458642
000000192931
000000519529
000000067716
000000189212
000000294236
000000114458
000000445605
000000510721
000000068685
000000550093
000000176174
000000250066
000000422289
000000293832
000000073066
000000131743
000000055891
000000225215
000000352412
000000087229
000000446615
000000292734
000000077473
000000300324
000000391029
000000505953
000000037695
000000124940
000000560218
000000445267
000000379350
000000311301
000000316727
000000515341
000000018401
000000467022
000000506441
000000367128
000000099065
000000153733
000000010083
000000020417
000000307243
000000130492
000000495039
000000241675
000000362157
000000337007
000000138189
000000180606
000000351473
000000011010
000000503411
000000207779
000000507674
000000009677
000000326658
000000395379
000000359775
000000346587
000000039371
000000124027
000000031230
000000229407
000000550112
000000073511
000000024411
000000558083
000000220988
000000297152
000000581668
000000531983
000000479950
000000563746
000000334732
000000137571
000000391435
000000521752
000000143965
000000000715
000000390782
000000462492
000000072538
000000261189
000000163559
000000400953
000000217720
000000266369
000000561529
000000030462
000000557081
000000577928
000000373639
000000412615
000000096183
000000346930
000000490411
000000394043
000000424470
000000323717
000000290782
000000385684
000000001424
000000147568
000000159456
000000439241
000000509654
000000482696
000000556745
000000337379
000000453009
000000015693
000000488086
000000377595
000000077020
000000319256
000000567530
000000048900
000000566491
000000027591
000000161242
000000527887
000000338094
000000005180
000000009069
000000002703
000000223872
000000531645
000000497494
000000504621
000000086924
000000229525
000000274068
000000323327
000000024371
000000394185
000000172974
000000145841
000000006725
000000117396
000000431439
000000019738
000000502914
000000092002
000000199678
000000181485
000000249838
000000399595
000000049984
000000483849
000000146738
000000005010
000000082273
000000153259
000000064896
000000448535
000000312137
000000280678
000000356216
000000118199
000000158122
000000230701
000000063571
000000426070
000000354569
000000509913
000000170180
000000256613
000000239190
000000258659
000000292416
000000502860
000000033066
000000413126
000000058915
000000240709
000000175804
000000191669
000000163589
000000225867
000000118237
000000147306
000000511522
000000147092
000000029956
000000565081
000000448558
000000554102
000000122602
000000118477
000000201186
000000577718
000000077417
000000250778
000000342381
000000026676
000000185777
000000515826
000000022326
000000030391
000000058171
000000460266
000000044839
000000326075
000000414772
000000266443
000000207225
000000264805
000000500792
000000553505
000000139296
000000006393
000000399353
000000268986
000000178504
000000362500
000000301508
000000575389
000000141278
000000003000
000000030270
000000201446
000000294330
000000184159
000000526414
000000209279
000000228098
000000456422
000000484884
000000121693
000000292741
000000439346
000000447633
000000427486
000000105063
000000329841
000000150874
000000464923
000000121879
000000089738
000000175195
000000471345
000000468885
000000296790
000000219567
000000142564
000000411212
000000358484
000000483139
000000030836
000000303368
000000360328
000000278548
000000178645
000000324916
000000383594
000000498537
000000098854
000000189274
000000141040
000000113182
000000543942
000000254786
000000510613
000000059229
000000378558
000000121237
000000407301
000000178770
000000315986
000000288215
000000233955
000000373881
000000517349
000000035827
000000490198
000000531816
000000432037
000000081485
000000410845
000000161919
000000341430
000000424582
000000269815
000000054903
000000257513
000000415841
000000095079
000000389206
000000182784
000000083987
000000118118
000000469924
000000018467
000000144079
000000363038
000000578009
000000529649
000000055627
000000465229
000000414236
000000453354
000000404826
000000101720
000000198154
000000495269
000000329684
000000376572
000000144881
000000433288
000000249764
000000572795
000000139237
000000446033
000000181627
000000404943
000000211282
000000084489
000000257996
000000093634
000000276794
000000187199
000000572608
000000226343
000000421623
000000373266
000000363942
000000151493
000000544701
000000241617
000000069826
000000043764
000000089908
000000424532
000000237818
000000534048
000000331395
000000237663
000000058254
000000182755
000000094566
000000041478
000000314915
000000204606
000000441471
000000579201
000000127644
000000104980
000000076246
000000268628
000000019711
000000567982
000000523400
000000462957
000000426546
000000554145
000000177325
000000580408
000000121613
000000120197
000000418318
000000545944
000000147398
000000345353
000000360147
000000432062
000000407042
000000105786
000000522930
000000373189
000000548768
000000559101
000000228994
000000077376
000000188040
000000044337
000000031345
000000267889
000000054671
000000218234
000000361172
000000169352
000000139904
000000406268
000000344597
000000262710
000000144475
000000348697
000000380475
000000018501
000000542041
000000029942
000000365507
000000544408
000000172012
000000157796
000000520108
000000341550
000000114178
000000158005
000000363630
000000473156
000000463132
000000309368
000000493867
000000501126
000000410033
000000240835
000000087123
000000313798
000000190898
000000211303
000000443988
000000005670
000000006579
000000319662
000000432754
000000259906
000000094549
000000499300
000000280429
000000230436
000000336718
000000320059
000000311974
000000068688
000000314607
000000004963
000000199533
000000455365
000000111706
000000247986
000000485576
000000277543
000000504172
000000208147
000000292570
000000132573
000000322807
000000580104
000000448613
000000554749
000000539309
000000001591
000000204273
000000444546
000000446984
000000516596
000000121748
000000470909
000000335799
000000096497
000000228673
000000108681
000000268317
000000196924
000000192825
000000123694
000000502364
000000540460
000000412238
000000071265
000000580051
000000136458
000000279503
000000152531
000000520114
000000056104
000000310897
000000576059
000000405088
000000245451
000000215691
000000069884
000000200879
000000563615
000000344903
000000467674
000000280641
000000015881
000000244737
000000436848
000000090830
000000377893
000000279881
000000074590
000000454514
000000326723
000000567787
000000296161
000000535174
000000487357
000000151664
000000088514
000000215901
000000538759
000000049321
000000562849
000000538973
000000318497
000000314626
000000287872
000000524459
000000105177
000000133295
000000374832
000000538058
000000341865
000000133119
000000093246
000000550438
000000049491
000000477439
000000340348
000000025717
000000390996
000000113126
000000260910
000000075185
000000479528
000000185700
000000005113
000000384750
000000353405
000000100579
000000311635
000000208008
000000472399
000000010714
000000014014
000000345867
000000376706
000000572926
000000331904
000000263288
000000429746
000000535037
000000560007
000000507459
000000139008
000000573659
000000494808
000000005574
000000553487
000000359399
000000451836
000000349230
000000444682
000000153219
000000385753
000000027727
000000227032
000000189209
000000522897
000000244057
000000359563
000000010800
000000538925
000000073835
000000116717
000000413510
000000169872
000000466570
000000118051
000000059750
000000283028
000000077811
000000557321
000000205590
000000168683
000000169480
000000141849
000000449313
000000299463
000000269736
000000264324
000000337490
000000019888
000000185335
000000135125
000000481518
000000385849
000000174889
000000076409
000000260354
000000070758
000000428266
000000480161
000000271117
000000141400
000000253483
000000000514
000000105389
000000348954
000000049946
000000422534
000000323919
000000461042
000000159704
000000094518
000000464751
000000252801
000000034221
000000146805
000000031562
000000411178
000000489735
000000160415
000000313097
000000400091
000000145318
000000302806
000000411855
000000286671
000000419145
000000175743
000000098054
000000444880
000000346614
000000186822
000000188343
000000194288
000000225658
000000071021
000000256668
000000369212
000000202755
000000092206
000000459147
000000086687
000000460703
000000099828
000000572897
000000174157
000000494007
000000253170
000000485247
000000076313
000000176955
000000183785
000000439988
000000435359
000000461871
000000347610
000000128756
000000437710
000000506987
000000007945
000000551454
000000056332
000000040346
000000172467
000000576831
000000220419
000000535626
000000126601
000000044467
000000460755
000000459363
000000306868
000000366724
000000223330
000000300403
000000381246
000000039888
000000415787
000000109973
000000515893
000000194357
000000570295
000000465269
000000036805
000000520472
000000250079
000000260651
000000110087
000000230650
000000285212
000000082790
000000137085
000000018460
000000166880
000000415461
000000238717
000000265648
000000507352
000000035782
000000074576
000000089579
000000488401
000000061834
000000208000
000000323336
000000172398
000000036962
000000355389
000000049746
000000138116
000000548723
000000097883
000000484353
000000294083
000000075624
000000292835
000000275591
000000037826
000000205811
000000508821
000000038963
000000009919
000000075285
000000285217
000000369125
000000205299
000000192390
000000287035
000000016243
000000067222
000000217562
000000195211
000000223500
000000580057
000000093553
000000246794
000000078342
000000049770
000000319579
000000391891
000000362399
000000532809
000000572075
000000354655
000000293133
000000299632
000000039987
000000099623
000000466624
000000210467
000000028764
000000437541
000000347462
000000510707
000000225571
000000006941
000000190133
000000321427
000000101597
000000097217
000000151170
000000456223
000000091837
000000086839
000000506628
000000574028
000000249240
000000537145
000000443875
000000296464
000000182379
000000382926
000000093587
000000267794
000000165927
000000280363
000000163615
000000130732
000000152036
000000570381
000000226206
000000057782
000000429735
000000328792
000000163823
000000231272
000000278291
000000134133
000000456391
000000228435
000000547165
000000501742
000000195039
000000385401
000000475248
000000407118
000000232167
000000060360
000000136701
000000235916
000000295564
000000229155
000000010176
000000290262
000000095161
000000488203
000000275919
000000150455
000000571334
000000004065
000000486488
000000384160
000000049234
000000323203
000000526898
000000016038
000000165771
000000245922
000000010655
000000099840
000000319088
000000262030
000000422452
000000344831
000000157119
000000082551
000000296945
000000466981
000000100777
000000091463
000000336182
000000303537
000000211255
000000074001
000000068646
000000490356
000000330756
000000106363
000000004488
000000556426
000000466052
000000187475
000000380484
000000367630
000000042513
000000034080
000000190216
000000443299
000000375751
000000098987
000000505043
000000285740
000000448317
000000256824
000000360548
000000343552
000000447738
000000472097
000000027326
000000503478
000000420765
000000058979
000000502063
000000285562
000000247487
000000077760
000000381257
000000281019
000000159109
000000109178
000000515878
000000523682
000000385485
000000172889
000000113106
000000074232
000000218503
000000103582
000000230296
000000104952
000000500077
000000262093
000000441411
000000466763
000000351549
000000544850
000000297236
000000457691
000000148665
000000228732
000000474637
000000526552
000000005619
000000033581
000000304390
000000437010
000000251803
000000054490
000000554346
000000512182
000000073864
000000371222
000000575902
000000283445
000000241350
000000027570
000000412878
000000495625
000000573119
000000498418
000000217240
000000274085
000000085659
000000303668
000000398697
000000201261
000000208196
000000026383
000000386361
000000103098
000000090011
000000051928
000000089745
000000043191
000000464330
000000545285
000000310131
000000272026
000000306632
000000488945
000000173968
000000093599
000000548351
000000215207
000000293412
000000352565
000000073239
000000245411
000000550690
000000438252
000000452892
000000202800
000000024038
000000031561
000000225713
000000035613
000000063796
000000520685
000000120399
000000460722
000000498986
000000097238
000000578002
000000230094
000000179793
000000367100
000000371255
000000185097
000000580149
000000103375
000000048850
000000061034
000000428117
000000206371
000000108499
000000187803
000000379018
000000542509
000000033571
000000204378
000000483476
000000383730
000000202777
000000432607
000000138582
000000417293
000000289583
000000117759
000000565198
000000434580
000000333407
000000511644
000000386089
000000520123
000000579663
000000431922
000000505849
000000171297
000000222600
000000217429
000000539026
000000052929
000000210082
000000082480
000000253513
000000254167
000000243136
000000526360
000000238623
000000265225
000000456451
000000379465
000000244014
000000351104
000000264733
000000337877
000000574147
000000168571
000000410904
000000050773
000000422461
000000170980
000000511285
000000327198
000000306688
000000386716
000000567278
000000260206
000000456565
000000384040
000000066028
000000453562
000000456035
000000282900
000000192745
000000129117
000000348478
000000049408
000000329850
000000267199
000000221605
000000528151
000000235760
000000009172
000000208644
000000254325
000000283448
000000107304
000000083369
000000492215
000000086932
000000417161
000000379310
000000217787
000000006572
000000000064
000000215428
000000434900
000000009857
000000029274
000000300636
000000165014
000000411857
000000358653
000000438899
000000235017
000000016720
000000110516
000000022208
000000445002
000000333485
000000557695
000000218807
000000450169
000000122382
000000462330
000000192920
000000237054
000000531751
000000449038
000000169937
000000094271
000000573223
000000081826
000000209930
000000243173
000000486989
000000297765
000000345598
000000425870
000000030062
000000232865
000000115275
000000110979
000000335233
000000108111
000000314074
000000180020
000000563803
000000466586
000000190002
000000394133
000000127167
000000115419
000000261240
000000410239
000000264005
000000019544
000000260969
000000421733
000000484432
000000057542
000000548201
000000008195
000000033830
000000161812
000000295768
000000426422
000000342479
000000000283
000000258996
000000454144
000000551737
000000060881
000000142485
000000391915
000000050636
000000388677
000000227959
000000471634
000000268793
000000187933
000000196286
000000447197
000000136200
000000434069
000000355776
000000301912
000000388997
000000177842
000000285045
000000551403
000000578675
000000114421
000000548423
000000530729
000000224342
000000433122
000000581674
000000025746
000000447091
000000083476
000000310150
000000293964
000000442400
000000278582
000000456113
000000461019
000000469398
000000318701
000000233539
000000578950
000000526555
000000028903
000000237886
000000332690
000000423201
000000205986
000000459056
000000311238
000000024402
000000225603
000000097939
000000271604
000000483046
000000216980
000000513574
000000574760
000000162780
000000516422
000000568982
000000166533
000000180778
000000109008
000000408249
000000132342
000000400625
000000213220
000000448627
000000548500
000000362166
000000117701
000000098560
000000095308
000000232357
000000509319
000000295017
000000226300
000000214524
000000150594
000000449296
000000506964
000000394504
000000552054
000000239656
000000302838
000000318234
000000116252
000000485265
000000204612
000000192581
000000324705
000000380597
000000213579
000000496613
000000458583
000000226383
000000317764
000000116466
000000120108
000000468798
000000134673
000000466800
000000209380
000000299039
000000299550
000000213535
000000521205
000000565321
000000022958
000000363423
000000072845
000000259519
000000422466
000000225923
000000037326
000000382207
000000173695
000000178192
000000064736
000000411478
000000242218
000000053176
000000011147
000000515993
000000330051
000000104304
000000172218
000000285254
000000117466
000000506296
000000211030
000000495518
000000427555
000000288018
000000052284
000000064239
000000357340
000000146710
000000073174
000000415619
000000383873
000000031590
000000127905
000000050609
000000068745
000000366150
000000564820
000000366022
000000109679
000000513643
000000030143
000000402255
000000424388
000000097682
000000075101
000000093519
000000351975
000000118212
000000126743
000000318022
000000305887
000000183693
000000315218
000000202762
000000372748
000000019980
000000177262
000000096755
000000471901
000000270688
000000505754
000000573786
000000026445
000000203577
000000495233
000000038865
000000297414
000000389200
000000244284
000000212633
000000558077
000000077172
000000354746
000000046207
000000068439
000000486501
000000489743
000000228163
000000572756
000000398305
000000497701
000000182496
000000263264
000000267715
000000306426
000000075212
000000127256
000000033866
000000037059
000000139372
000000129532
000000356906
000000475804
000000324837
000000459203
000000324995
000000487438
000000143789
000000241408
000000038630
000000104792
000000320089
000000467394
000000174774
000000394449
000000452565
000000064772
000000000092
000000296802
000000414045
000000022962
000000231768
000000172911
000000422939
000000165271
000000178962
000000176558
000000433921
000000186729
000000141785
000000218368
000000404981
000000493048
000000143123
000000373401
000000193062
000000458282
000000549454
000000336385
000000563574
000000207481
000000319456
000000552826
000000060088
000000273537
000000355123
000000248133
000000181217
000000380477
000000361153
000000030707
000000222572
000000146226
000000139639
000000195542
000000333411
000000414410
000000200231
000000549171
000000091104
000000270222
000000085143
000000247839
000000450959
000000290584
000000393268
000000061025
000000456816
000000053236
000000071360
000000007220
000000179968
000000331282
000000333101
000000144772
000000182527
000000545409
000000032937
000000318789
000000571038
000000216398
000000151358
000000580406
000000089051
000000079396
000000350649
000000173350
000000256608
000000113593
000000237853
000000205202
000000042585
000000480629
000000049190
000000242404
000000440646
000000260922
000000384755
000000427306
000000536683
000000196168
000000395426
000000425441
000000510985
000000394100
000000159944
000000372774
000000128222
000000121989
000000199555
000000292347
000000052761
000000451535
000000023815
000000362349
000000248132
000000400422
000000061697
000000427005
000000410554
000000386179
000000113293
000000398076
000000411068
000000104393
000000487948
000000308059
000000428992
000000294837
000000061877
000000095124
000000521200
000000071371
