000000169318
000000411857
000000160712
000000230727
000000085281
000000063521
000000321583
000000350639
000000121442
000000078478
000000246453
000000557107
000000032491
000000374994
000000528200
000000016631
000000263047
000000277795
000000073174
000000386936
000000078689
000000332607
000000232822
000000037698
000000537284
000000195809
000000089908
000000192436
000000175318
000000397388
000000267735
000000411430
000000271864
000000357568
000000197091
000000512974
000000461963
000000558276
000000227959
000000088929
000000086924
000000563164
000000054336
000000163827
000000096328
000000063726
000000047137
000000467082
000000149566
000000374017
000000418198
000000399556
000000040911
000000348616
000000411178
000000042867
000000126371
000000172151
000000108021
000000344632
000000407685
000000139763
000000209071
000000537145
000000383173
000000096763
000000549003
000000329343
000000097217
000000539355
000000019308
000000115359
000000010136
000000108917
000000397787
000000443984
000000440291
000000488240
000000058101
000000233030
000000422145
000000299773
000000034212
000000295574
000000373945
000000082118
000000473850
000000401313
000000535602
000000545929
000000392476
000000474446
000000055607
000000144275
000000338281
000000563574
000000467686
000000353701
000000563046
000000414607
