000000124931
000000549450
000000220988
000000304390
000000535643
000000173258
000000460812
000000472941
000000049713
000000269723
000000545409
000000211030
000000178962
000000373793
000000454514
000000175195
000000155861
000000139258
000000485247
000000113293
000000249838
000000388677
000000285254
000000118118
000000166533
000000237911
000000159944
000000389200
000000289583
000000207481
000000396528
000000377893
000000003425
000000162322
000000391662
000000496613
000000357340
000000530520
000000188040
000000417549
000000554598
000000452682
000000392154
000000463599
000000538349
000000400953
000000318497
000000204378
000000120399
000000030270
000000296161
000000459056
000000000208
000000239398
000000005010
000000413126
000000547165
000000168595
000000474637
000000379310
000000072538
000000090319
000000038314
000000408249
000000437541
000000326075
000000207060
000000023815
000000094271
000000574760
000000061834
000000275644
000000141496
000000494808
000000239613
000000064896
000000036726
000000488942
000000500077
000000365507
000000038963
000000172012
000000267715
000000134290
000000520108
000000129117
000000060360
000000427583
000000531645
000000283445
000000405088
000000037880
000000097883
000000258336
000000148809
000000554128
000000554987
000000535037
000000493867
000000580406
000000525668
000000143900
000000292090
000000501126
000000543882
000000268159
000000521200
000000394504
000000338094
000000393268
000000009069
000000230094
000000144079
000000418107
000000323203
000000387281
000000039371
000000232167
000000568962
000000430597
000000213579
000000533962
000000084740
000000032044
000000057782
000000350310
000000031345
000000135399
000000393954
000000483611
000000311238
000000200680
000000466800
000000468885
000000273142
000000460916
000000371928
000000237350
000000090365
000000094566
000000333020
000000506360
000000510707
000000123125
000000321427
000000567787
000000492215
000000258155
000000365488
000000348006
000000141581
000000091463
000000425870
000000283190
000000095390
000000260206
000000039987
000000426897
000000083987
000000422145
000000065047
000000489743
000000139372
000000372482
000000343165
000000509654
000000098560
000000420575
000000456422
000000141400
000000572282
000000240709
000000448259
000000079193
000000103098
000000281564
000000401541
000000538058
000000130732
000000438103
000000266443
000000411478
000000563574
000000248009
000000310163
000000515341
000000219567
000000398157
000000133295
000000002083
000000229378
000000528151
000000200231
000000337490
000000329502
000000548723
000000492151
000000474732
000000529544
000000319456
000000125995
000000099840
000000434900
000000100777
000000422336
000000457572
000000478874
000000293832
000000121612
000000210956
000000157205
000000139296
000000414738
000000469924
000000327198
000000315938
000000570037
000000428266
000000242404
000000113593
000000540831
000000469795
000000165014
000000074590
000000535626
000000172398
000000509509
000000194357
000000172974
000000107734
000000386700
000000165771
000000488135
000000089908
000000205847
000000305084
000000450169
000000151493
000000058632
000000271604
000000292512
000000398076
000000104304
000000507875
000000407301
000000449313
000000274633
000000036090
000000320089
000000071265
000000088603
000000075624
000000022326
000000344488
000000245411
000000022194
000000335799
000000264124
000000371530
000000095915
000000045582
000000151832
000000296759
000000146850
000000216980
000000421529
000000020632
000000293412
000000418318
000000237344
000000376706
000000198610
000000026227
000000461019
000000317615
000000555857
000000292347
000000144870
000000138189
000000248133
000000316281
000000037326
000000159463
000000473797
000000021223
000000046950
000000316400
000000058171
000000345353
000000404254
000000439346
000000283028
000000135125
000000185633
000000051963
000000516624
000000254325
000000427975
000000388075
000000200882
000000555211
000000165422
000000426546
000000118736
000000299039
000000336182
000000093587
000000360772
000000243361
000000153733
000000019544
000000064772
000000073174
000000535602
000000247839
000000033066
000000352660
000000415429
000000217720
000000506576
000000033571
000000282900
000000105389
000000298622
000000037843
000000319256
000000417293
000000416930
000000066028
000000108639
000000351759
000000026583
000000101090
000000217562
000000204188
000000502914
000000076409
000000133486
000000092020
000000218809
000000496617
000000522069
000000336385
000000347483
000000553487
000000346930
000000231272
000000125597
000000173069
000000179045
000000139304
000000581674
000000136701
000000435882
000000084046
000000549454
000000481954
000000348697
000000372748
000000456223
000000515878
000000348478
000000459363
000000297929
000000400722
000000150986
000000118212
000000166225
000000128180
000000127644
000000241350
000000327892
000000503411
000000479528
000000264805
000000508821
000000483476
000000432754
000000304689
000000081826
000000256608
000000108315
000000087229
000000118909
000000360147
000000427555
000000078359
000000445002
000000425550
000000310897
000000043073
000000031230
000000129097
000000269386
000000385684
000000010800
000000429715
000000106363
000000244284
000000460266
000000288215
000000574250
000000235760
000000099065
000000111706
000000138254
000000033372
000000054671
000000448558
000000459151
000000282841
000000529649
000000484432
000000153259
000000315986
000000074576
000000544701
000000229155
000000410845
000000075212
000000190133
000000499300
000000058915
000000404063
000000202739
000000186125
000000290262
000000510613
000000258768
000000532411
000000117542
000000090011
000000413510
000000520427
000000046207
000000394043
000000211282
000000439988
000000028764
000000552029
000000375483
000000039881
000000034120
000000138116
000000422466
000000554471
000000538759
000000523035
000000325014
000000549171
000000009113
000000181576
000000140588
000000270222
000000464751
000000465229
000000246396
000000455365
000000411943
000000293133
000000225603
000000486488
000000297765
000000017741
000000416157
000000565321
000000195039
000000517936
000000121693
000000030391
000000217429
000000359775
000000061414
000000303537
000000360371
000000093946
000000477439
000000351975
000000228732
000000464462
000000166880
000000046889
000000353102
000000554607
000000141040
000000432037
000000331904
000000476925
000000394133
000000239331
000000399873
000000024402
000000281853
000000006406
000000502808
000000363844
000000090293
000000123694
000000436168
000000431355
000000554145
000000466981
000000483695
000000056104
000000189274
000000256270
000000548768
000000373639
000000337877
000000381837
000000027570
000000335940
000000195542
000000369212
000000190002
000000110087
000000176257
000000513643
000000465269
000000548706
000000499242
000000306868
000000447548
000000410033
000000541288
000000268793
000000535898
000000430731
000000387990
000000580104
000000576369
000000177375
000000092602
000000117396
000000151170
000000099568
000000256824
000000075101
000000237944
000000285212
000000110516
000000520123
000000324732
000000410576
000000073835
000000241675
000000519852
000000354695
000000142564
000000505953
000000425441
000000049190
000000224342
000000059229
000000524476
000000181475
000000246470
000000174774
000000467674
000000201261
000000338323
000000152531
000000054490
000000209027
000000044998
000000055627
000000484549
000000191301
000000225215
000000329841
000000212525
000000536605
000000006393
000000121613
000000008195
000000281365
000000020070
000000082790
000000153956
000000306030
000000554749
000000202755
000000149566
000000263264
000000490356
000000122382
000000072845
000000007787
000000243839
000000068646
000000509913
000000244057
000000536039
000000044467
000000035613
000000523682
000000161242
000000061025
000000373189
000000096755
000000260922
000000081943
000000191551
000000296620
000000488203
000000203577
000000454217
000000556745
000000031113
000000580408
000000294837
000000415203
000000531751
000000484200
000000180020
000000500271
000000414857
000000379596
000000236822
000000194530
000000077811
000000087876
000000457691
000000456565
000000409708
000000147092
000000370839
000000130598
000000017892
000000260969
000000570381
000000242218
000000536654
000000269815
000000051191
000000422461
000000391891
000000564820
000000230296
000000333411
000000261240
000000121748
000000226206
000000141278
000000385753
000000144772
000000527887
000000202777
000000252411
000000332578
000000055874
000000424388
000000372774
000000385485
000000234986
000000330737
000000552054
000000332690
000000213976
000000239656
000000396372
000000552826
000000419135
000000221303
000000554346
000000551507
000000386089
000000390125
000000254786
000000071021
000000288018
000000415787
000000159723
000000083369
000000160893
000000457718
000000285217
000000565198
000000290782
000000445759
000000537293
000000179696
000000326723
000000207225
000000292734
000000139639
000000355291
000000191669
000000565112
000000126743
000000089579
000000109679
000000443875
000000517451
000000005619
000000189893
000000300568
000000422270
000000560307
000000531784
000000309044
000000322402
000000039065
000000044702
000000186276
000000306426
000000560025
000000093018
000000101720
000000237853
000000005574
000000106229
000000405291
000000155696
000000281019
000000208147
000000551454
000000147172
000000446677
000000005345
000000084283
000000449466
000000161657
000000535174
000000028766
000000311974
000000353701
000000009172
000000060472
000000362166
000000294330
000000505043
000000008336
000000498537
000000572897
000000543942
000000360216
000000194248
000000228920
000000515826
000000189209
000000218234
000000233539
000000226300
000000240457
000000095124
000000022958
000000016030
000000060602
000000580051
000000275929
000000304125
000000564330
000000075185
000000054903
000000325801
000000555022
000000534048
000000367630
000000528299
000000478260
000000417089
000000169480
000000317896
000000267889
000000420344
000000488401
000000488945
000000157796
000000029942
000000494837
000000105063
000000391915
000000481890
000000438861
000000030462
000000333379
000000377609
000000358174
000000429735
000000502860
000000310150
000000385849
000000162677
000000572296
000000525176
000000254167
000000313097
000000069826
000000061034
000000082551
000000400091
000000332420
000000070527
000000453815
000000150874
000000466570
000000067222
000000053514
000000410924
000000009199
000000218807
000000344831
000000143123
000000453562
000000255804
000000336668
000000462330
000000262093
000000085836
000000295017
000000462957
000000049491
000000179793
000000347748
000000208000
000000054171
000000113182
000000104952
000000097217
000000113571
000000556426
000000380279
000000353866
000000428117
000000400576
000000080339
000000383267
000000566600
000000035782
000000256613
000000274085
000000386716
000000394957
000000141702
000000038630
000000424139
000000259519
000000140867
000000321674
000000267199
000000024038
000000431439
000000291816
000000230265
000000502063
000000429746
000000086932
000000250079
000000287449
000000041478
000000262710
000000121237
000000247929
000000024411
000000137571
000000283448
000000119536
000000512292
000000566188
000000467022
000000022208
000000167645
000000232596
000000243820
000000068685
000000404943
000000463571
000000028903
000000292741
000000308047
000000217707
000000573223
000000030143
000000361153
000000208196
000000250124
000000049770
000000314626
000000464585
000000056332
000000502827
000000084489
000000126601
000000153460
000000136458
000000572795
000000323919
000000314787
000000566713
000000535403
000000447633
000000261189
000000445605
000000446033
000000495518
000000231768
000000281066
000000507992
000000238717
000000428992
000000541298
000000196594
000000055891
000000400422
000000279503
000000311635
000000480629
000000487159
000000246794
000000460755
000000341865
000000300636
000000074001
000000126014
000000172886
000000270688
000000276794
000000381996
000000283632
000000122602
000000134133
000000158982
000000099623
000000228434
000000069214
000000480161
000000334220
000000321064
000000395379
000000019074
000000083651
000000475804
000000356610
000000275855
000000298395
000000291833
000000572608
000000441411
000000350234
000000233955
000000350108
000000429174
000000397819
000000555015
000000317764
000000470909
000000446984
000000563746
000000333712
000000384160
000000258659
000000006572
000000118477
000000127256
000000504907
000000102090
000000108499
000000577759
000000146226
000000075285
000000026676
000000400625
000000151358
000000205590
000000264005
000000372460
000000134738
000000049946
000000029956
000000509319
000000169415
000000006190
000000071360
000000184159
000000474472
000000094549
000000466763
000000152036
000000330756
000000456451
000000069884
000000146738
000000263288
000000391029
000000295768
000000172467
000000205309
000000243173
000000015552
000000215226
000000578675
000000578009
000000117701
000000530201
000000159923
000000431922
000000550403
000000073066
000000077473
000000097913
000000455674
000000335914
000000101597
000000354746
000000324492
000000188725
000000576831
000000381192
000000530508
000000235537
000000438899
000000407911
000000412878
000000341430
000000259760
000000417161
000000309797
000000571334
000000422095
000000397792
000000006725
000000570353
000000471901
000000572985
000000009527
000000029473
000000348954
000000232822
000000196168
000000153455
000000011010
000000401182
000000511644
000000234161
000000454543
000000114178
000000063796
000000390969
000000049321
000000555904
000000296802
000000360831
000000308059
000000285740
000000004396
000000225713
000000128429
000000262059
000000004488
000000217240
000000542041
000000222600
000000466664
000000479803
000000083462
000000186822
000000095148
000000419145
000000015693
000000327165
000000414236
000000399746
000000392727
000000131884
000000440646
000000301508
000000178770
000000218625
000000411212
000000486501
000000456033
000000019738
000000047882
000000440827
000000400166
000000080654
000000016720
000000247909
000000005667
000000005670
000000398697
000000127905
000000183456
000000036962
000000550760
000000352511
000000237600
000000114162
000000299632
000000322807
000000394404
000000574145
000000053176
000000165271
000000567278
000000544850
000000433770
000000016523
000000424408
000000399595
000000548351
000000220419
000000185335
000000068688
000000342206
000000399006
000000475248
000000453354
000000007277
000000205904
000000127167
000000340348
000000414750
000000351183
000000099314
000000030707
000000580149
000000211255
000000163710
000000570870
000000270623
000000414045
000000536417
000000116466
000000049984
000000443887
000000095161
000000361253
000000229525
000000315218
000000329756
000000351104
000000108548
000000318701
000000570295
000000136289
000000336901
000000180055
000000517548
000000338357
000000245853
000000042513
000000436848
000000235933
000000546569
000000572756
000000461871
000000445267
000000364487
000000523400
000000136200
000000465247
000000118051
000000236843
000000364169
000000099937
000000050636
000000026383
000000484273
000000344264
000000097939
000000313254
000000093553
000000098854
000000502231
000000325208
000000010176
000000356216
000000064155
000000042585
000000047524
000000232357
000000321007
000000152492
000000098987
000000424532
000000274888
000000411587
000000093644
000000230650
000000568492
000000109178
000000321394
000000574221
000000248459
000000450330
000000269736
000000489735
000000130492
000000079421
000000026445
000000010083
000000041272
000000400080
000000014653
000000447738
000000462492
000000198796
000000402621
000000551757
000000354569
000000077417
000000380597
000000189425
000000298109
000000355776
000000264733
000000128127
000000485984
000000380477
000000202832
000000444546
000000177325
000000281331
000000094518
000000062648
000000393251
000000540460
000000186880
000000307881
000000359098
000000355389
000000158005
000000149196
000000538973
000000451535
000000228163
000000390996
000000314074
000000142246
000000277529
000000433334
000000122216
000000300324
000000033581
000000208605
000000389056
000000007220
000000099828
000000006941
000000103379
000000575923
000000171297
000000000909
000000052030
000000183693
000000360328
000000068444
000000091304
000000554341
000000181922
000000092206
000000019888
000000212704
000000277543
000000175804
000000114421
000000552962
000000049234
000000567523
000000521947
000000172911
000000083476
000000439241
000000267998
000000450704
000000215002
000000185326
000000385743
000000029274
000000034212
000000068439
000000032328
000000137085
000000344597
000000035508
000000333407
000000093634
000000356906
000000414410
000000239190
000000456816
000000390782
000000319662
000000036880
000000475887
000000432036
000000526898
000000107304
000000052929
000000536683
000000493048
000000281194
000000555035
000000278548
000000456988
000000192390
000000015809
000000326658
000000481518
000000266240
000000079591
000000050609
000000324717
000000023546
000000424470
000000169937
000000118199
000000116252
000000251798
000000451324
000000248755
000000390184
000000544832
000000357057
000000267068
000000031561
000000188343
000000164170
000000463201
000000000092
000000033093
000000349230
000000558342
000000009919
000000065837
000000336718
000000507167
000000039888
000000462454
000000394449
000000411855
000000438349
000000521205
000000139237
000000087123
000000505849
000000036805
000000121879
000000084284
000000353935
000000501742
000000362500
000000226343
000000506441
000000077020
000000516248
000000445900
000000309889
000000516725
000000523981
000000057870
000000104980
000000575902
000000426422
000000212047
000000278582
000000007789
000000467394
000000549209
000000108111
000000288941
000000249764
000000542443
000000194907
000000182496
000000418944
000000219493
000000244754
000000199533
000000495233
000000026768
000000409744
000000373111
000000268742
000000102349
000000146805
000000510638
000000187199
000000433288
000000302838
000000452565
000000413989
000000182300
000000001298
000000141849
000000192931
000000530064
000000523484
000000432607
000000126810
000000121989
000000549746
000000472097
000000018952
000000147568
000000036281
000000562849
000000113126
000000383873
000000357117
000000333643
000000579663
000000159456
000000321665
000000264567
000000328792
000000001591
000000227893
000000074232
000000230701
000000196286
000000048850
000000459723
000000068356
000000275353
000000324837
000000000064
000000295564
000000128970
000000236596
000000244014
000000517349
000000526414
000000153638
000000006578
000000571039
000000438252
000000095308
000000016273
000000169352
000000530086
000000460722
000000194288
000000427252
000000411857
000000473849
000000261569
000000186729
000000193254
000000511559
000000049746
000000172420
000000424503
000000178645
000000484884
000000471345
000000409194
000000464923
000000458282
000000324012
000000237886
000000461042
000000460053
000000070626
000000433122
000000172094
000000355124
000000133119
000000554815
000000067833
000000117759
000000006579
000000163615
000000395259
000000515893
000000177974
000000294437
000000114401
000000448613
000000177262
000000132573
000000299463
000000226442
000000279947
000000175991
000000247487
000000237663
000000203085
000000563615
000000238623
000000346587
000000103355
000000374832
000000178192
000000215901
000000120333
000000058979
000000127301
000000212058
000000453009
000000459147
000000445103
000000382881
000000460453
000000053802
000000090488
000000334789
000000265225
000000379304
000000108853
000000301409
000000568982
000000076122
000000259906
000000200879
000000144809
000000577928
000000576059
000000123351
000000126135
000000487948
000000378558
000000365626
000000489879
000000082480
000000316047
000000510985
000000223500
000000373266
000000022962
000000114458
000000222453
000000505754
000000096643
000000227127
000000450963
000000146504
000000147963
000000264741
000000437774
000000474751
000000168624
000000227959
000000489645
000000563935
000000567982
000000577821
000000236552
000000456035
000000281764
000000578002
000000542786
000000100579
000000282672
000000296790
000000406826
000000254063
000000005113
000000195525
000000577654
000000005180
000000034080
000000160415
000000506628
000000544408
000000073864
000000108681
000000187933
000000179968
000000573659
000000292416
000000353405
000000110240
000000268317
000000259192
000000145841
000000545944
000000519529
000000371137
000000124027
000000269551
000000199678
000000275919
000000077432
000000072437
000000571038
000000043764
000000212633
000000161812
000000554102
000000303668
000000573119
000000573786
000000124931
000000549450
000000220988
000000304390
000000535643
000000173258
000000460812
000000472941
000000049713
000000269723
000000545409
000000211030
000000178962
000000373793
000000454514
000000175195
000000155861
000000139258
000000485247
000000113293
000000249838
000000388677
000000285254
000000118118
000000166533
000000237911
000000159944
000000389200
000000289583
000000207481
000000396528
000000377893
000000003425
000000162322
000000391662
000000496613
000000357340
000000530520
000000188040
000000417549
000000554598
000000452682
000000392154
000000463599
000000538349
000000400953
000000318497
000000204378
000000120399
000000030270
000000296161
000000459056
000000000208
000000239398
000000005010
000000413126
000000547165
000000168595
000000474637
000000379310
000000072538
000000090319
000000038314
000000408249
000000437541
000000326075
000000207060
000000023815
000000094271
000000574760
000000061834
000000275644
000000141496
000000494808
000000239613
000000064896
000000036726
000000488942
000000500077
000000365507
000000038963
000000172012
000000267715
000000134290
000000520108
000000129117
000000060360
000000427583
000000531645
000000283445
000000405088
000000037880
000000097883
000000258336
000000148809
000000554128
000000554987
000000535037
000000493867
000000580406
000000525668
000000143900
000000292090
000000501126
000000543882
000000268159
000000521200
000000394504
000000338094
000000393268
000000009069
000000230094
000000144079
000000418107
000000323203
000000387281
000000039371
000000232167
000000568962
000000430597
000000213579
000000533962
000000084740
000000032044
000000057782
000000350310
000000031345
000000135399
000000393954
000000483611
000000311238
000000200680
000000466800
000000468885
000000273142
000000460916
000000371928
000000237350
000000090365
000000094566
000000333020
000000506360
000000510707
000000123125
000000321427
000000567787
000000492215
000000258155
000000365488
000000348006
000000141581
000000091463
000000425870
000000283190
000000095390
000000260206
000000039987
000000426897
000000083987
000000422145
000000065047
000000489743
000000139372
000000372482
000000343165
000000509654
000000098560
000000420575
000000456422
000000141400
000000572282
000000240709
000000448259
000000079193
000000103098
000000281564
000000401541
000000538058
000000130732
000000438103
000000266443
000000411478
000000563574
000000248009
000000310163
000000515341
000000219567
000000398157
000000133295
000000002083
000000229378
000000528151
000000200231
000000337490
000000329502
000000548723
000000492151
000000474732
000000529544
000000319456
000000125995
000000099840
000000434900
000000100777
000000422336
000000457572
000000478874
000000293832
000000121612
000000210956
000000157205
000000139296
000000414738
000000469924
000000327198
000000315938
000000570037
000000428266
000000242404
000000113593
000000540831
000000469795
000000165014
000000074590
000000535626
000000172398
000000509509
000000194357
000000172974
000000107734
000000386700
000000165771
000000488135
000000089908
000000205847
000000305084
000000450169
000000151493
000000058632
000000271604
000000292512
000000398076
000000104304
000000507875
000000407301
000000449313
000000274633
000000036090
000000320089
000000071265
000000088603
000000075624
000000022326
000000344488
000000245411
000000022194
000000335799
000000264124
000000371530
000000095915
000000045582
000000151832
000000296759
000000146850
000000216980
000000421529
000000020632
000000293412
000000418318
000000237344
000000376706
000000198610
000000026227
000000461019
000000317615
000000555857
000000292347
000000144870
000000138189
000000248133
000000316281
000000037326
000000159463
000000473797
000000021223
000000046950
000000316400
000000058171
000000345353
000000404254
000000439346
000000283028
000000135125
000000185633
000000051963
000000516624
000000254325
000000427975
000000388075
000000200882
000000555211
000000165422
000000426546
000000118736
000000299039
000000336182
000000093587
000000360772
000000243361
000000153733
000000019544
000000064772
000000073174
000000535602
000000247839
000000033066
000000352660
000000415429
000000217720
000000506576
000000033571
000000282900
000000105389
000000298622
000000037843
000000319256
000000417293
000000416930
000000066028
000000108639
000000351759
000000026583
000000101090
000000217562
000000204188
000000502914
000000076409
000000133486
000000092020
000000218809
000000496617
000000522069
000000336385
000000347483
000000553487
000000346930
000000231272
000000125597
000000173069
000000179045
000000139304
000000581674
000000136701
000000435882
000000084046
000000549454
000000481954
000000348697
000000372748
000000456223
000000515878
000000348478
000000459363
000000297929
000000400722
000000150986
000000118212
000000166225
000000128180
000000127644
000000241350
000000327892
000000503411
000000479528
000000264805
000000508821
000000483476
000000432754
000000304689
000000081826
000000256608
000000108315
000000087229
000000118909
000000360147
000000427555
000000078359
000000445002
000000425550
000000310897
000000043073
000000031230
000000129097
000000269386
000000385684
000000010800
000000429715
000000106363
000000244284
000000460266
000000288215
000000574250
000000235760
000000099065
000000111706
000000138254
000000033372
000000054671
000000448558
000000459151
000000282841
000000529649
000000484432
000000153259
000000315986
000000074576
000000544701
000000229155
000000410845
000000075212
000000190133
000000499300
000000058915
000000404063
000000202739
000000186125
000000290262
000000510613
000000258768
000000532411
000000117542
000000090011
000000413510
000000520427
000000046207
000000394043
000000211282
000000439988
000000028764
000000552029
000000375483
000000039881
000000034120
000000138116
000000422466
000000554471
000000538759
000000523035
000000325014
000000549171
000000009113
000000181576
000000140588
000000270222
000000464751
000000465229
000000246396
000000455365
000000411943
000000293133
000000225603
000000486488
000000297765
000000017741
000000416157
000000565321
000000195039
000000517936
000000121693
000000030391
000000217429
000000359775
000000061414
000000303537
000000360371
000000093946
000000477439
000000351975
000000228732
000000464462
000000166880
000000046889
000000353102
000000554607
000000141040
000000432037
000000331904
000000476925
000000394133
000000239331
000000399873
000000024402
000000281853
000000006406
000000502808
000000363844
000000090293
000000123694
000000436168
000000431355
000000554145
000000466981
000000483695
000000056104
000000189274
000000256270
000000548768
000000373639
000000337877
000000381837
000000027570
000000335940
000000195542
000000369212
000000190002
000000110087
000000176257
000000513643
000000465269
000000548706
000000499242
000000306868
000000447548
000000410033
000000541288
000000268793
000000535898
000000430731
000000387990
000000580104
000000576369
000000177375
000000092602
000000117396
000000151170
000000099568
000000256824
000000075101
000000237944
000000285212
000000110516
000000520123
000000324732
000000410576
000000073835
000000241675
000000519852
000000354695
000000142564
000000505953
000000425441
000000049190
000000224342
000000059229
000000524476
000000181475
000000246470
000000174774
000000467674
000000201261
000000338323
000000152531
000000054490
000000209027
000000044998
000000055627
000000484549
000000191301
000000225215
000000329841
000000212525
000000536605
000000006393
000000121613
000000008195
000000281365
000000020070
000000082790
000000153956
000000306030
000000554749
000000202755
000000149566
000000263264
000000490356
000000122382
000000072845
000000007787
000000243839
000000068646
000000509913
000000244057
000000536039
000000044467
000000035613
000000523682
000000161242
000000061025
000000373189
000000096755
000000260922
000000081943
000000191551
000000296620
000000488203
000000203577
000000454217
000000556745
000000031113
000000580408
000000294837
000000415203
000000531751
000000484200
000000180020
000000500271
000000414857
000000379596
000000236822
000000194530
000000077811
000000087876
000000457691
000000456565
000000409708
000000147092
000000370839
000000130598
000000017892
000000260969
000000570381
000000242218
000000536654
000000269815
000000051191
000000422461
000000391891
000000564820
000000230296
000000333411
000000261240
000000121748
000000226206
000000141278
000000385753
000000144772
000000527887
000000202777
000000252411
000000332578
000000055874
000000424388
000000372774
000000385485
000000234986
000000330737
000000552054
000000332690
000000213976
000000239656
000000396372
000000552826
000000419135
000000221303
000000554346
000000551507
000000386089
000000390125
000000254786
000000071021
000000288018
000000415787
000000159723
000000083369
000000160893
000000457718
000000285217
000000565198
000000290782
000000445759
000000537293
000000179696
000000326723
000000207225
000000292734
000000139639
000000355291
000000191669
000000565112
000000126743
000000089579
000000109679
000000443875
000000517451
000000005619
000000189893
000000300568
000000422270
000000560307
000000531784
000000309044
000000322402
000000039065
000000044702
000000186276
000000306426
000000560025
000000093018
000000101720
000000237853
000000005574
000000106229
000000405291
000000155696
000000281019
000000208147
000000551454
000000147172
000000446677
000000005345
000000084283
000000449466
000000161657
000000535174
000000028766
000000311974
000000353701
000000009172
000000060472
000000362166
000000294330
000000505043
000000008336
000000498537
000000572897
000000543942
000000360216
000000194248
000000228920
000000515826
000000189209
000000218234
000000233539
000000226300
000000240457
000000095124
000000022958
000000016030
000000060602
000000580051
000000275929
000000304125
000000564330
000000075185
000000054903
000000325801
000000555022
000000534048
000000367630
000000528299
000000478260
000000417089
000000169480
000000317896
000000267889
000000420344
000000488401
000000488945
000000157796
000000029942
000000494837
000000105063
000000391915
000000481890
000000438861
000000030462
000000333379
000000377609
000000358174
000000429735
000000502860
000000310150
000000385849
000000162677
000000572296
000000525176
000000254167
000000313097
000000069826
000000061034
000000082551
000000400091
000000332420
000000070527
000000453815
000000150874
000000466570
000000067222
000000053514
000000410924
000000009199
000000218807
000000344831
000000143123
000000453562
000000255804
000000336668
000000462330
000000262093
000000085836
000000295017
000000462957
000000049491
000000179793
000000347748
000000208000
000000054171
000000113182
000000104952
000000097217
000000113571
000000556426
000000380279
000000353866
000000428117
000000400576
000000080339
000000383267
000000566600
000000035782
000000256613
000000274085
000000386716
000000394957
000000141702
000000038630
000000424139
000000259519
000000140867
000000321674
000000267199
000000024038
000000431439
000000291816
000000230265
000000502063
000000429746
000000086932
000000250079
000000287449
000000041478
000000262710
000000121237
000000247929
000000024411
000000137571
000000283448
000000119536
000000512292
000000566188
000000467022
000000022208
000000167645
000000232596
000000243820
000000068685
000000404943
000000463571
000000028903
000000292741
000000308047
000000217707
000000573223
000000030143
000000361153
000000208196
000000250124
000000049770
000000314626
000000464585
000000056332
000000502827
000000084489
000000126601
000000153460
000000136458
000000572795
000000323919
000000314787
000000566713
000000535403
000000447633
000000261189
000000445605
000000446033
000000495518
000000231768
000000281066
000000507992
000000238717
000000428992
000000541298
000000196594
000000055891
000000400422
000000279503
000000311635
000000480629
000000487159
000000246794
000000460755
000000341865
000000300636
000000074001
000000126014
000000172886
000000270688
000000276794
000000381996
000000283632
000000122602
000000134133
000000158982
000000099623
000000228434
000000069214
000000480161
000000334220
000000321064
000000395379
000000019074
000000083651
000000475804
000000356610
000000275855
000000298395
000000291833
000000572608
000000441411
000000350234
000000233955
000000350108
000000429174
000000397819
000000555015
000000317764
000000470909
000000446984
000000563746
000000333712
000000384160
000000258659
000000006572
000000118477
000000127256
000000504907
000000102090
000000108499
000000577759
000000146226
000000075285
000000026676
000000400625
000000151358
000000205590
000000264005
000000372460
000000134738
000000049946
000000029956
000000509319
000000169415
000000006190
000000071360
000000184159
000000474472
000000094549
000000466763
000000152036
000000330756
000000456451
000000069884
000000146738
000000263288
000000391029
000000295768
000000172467
000000205309
000000243173
000000015552
000000215226
000000578675
000000578009
000000117701
000000530201
000000159923
000000431922
000000550403
000000073066
000000077473
000000097913
000000455674
000000335914
000000101597
000000354746
000000324492
000000188725
000000576831
000000381192
000000530508
000000235537
000000438899
000000407911
000000412878
000000341430
000000259760
000000417161
000000309797
000000571334
000000422095
000000397792
000000006725
000000570353
000000471901
000000572985
000000009527
000000029473
000000348954
000000232822
000000196168
000000153455
000000011010
000000401182
000000511644
000000234161
000000454543
000000114178
000000063796
000000390969
000000049321
000000555904
