000000026828
000000193931
000000216905
000000462610
000000289698
000000512511
000000079869
000000020421
000000053147
000000061606
000000433202
000000356828
000000573611
000000478874
000000406760
000000557321
000000534959
000000228163
000000160422
000000419963
000000464347
000000374994
000000542866
000000128373
000000332065
000000580706
000000270812
000000543692
000000242363
000000327183
000000024637
000000436321
000000231253
000000034520
000000256029
000000180889
000000531622
000000005670
000000014892
000000195947
000000510209
000000495269
000000399378
000000483476
000000284605
000000530047
000000060623
000000367018
000000167968
000000278315
000000142440
000000038652
000000172324
000000179968
000000479102
000000348269
000000506910
000000036726
000000267435
000000339462
000000318497
000000027610
000000128346
000000185546
000000301431
000000254410
000000525716
000000520851
000000108287
000000166589
000000137938
000000202128
000000297730
000000561776
000000138189
000000404997
000000090582
000000150691
000000309900
000000087456
000000527086
000000075682
000000540133
000000403693
000000551877
000000192994
000000133576
000000018350
000000257804
000000111807
000000490875
000000287119
000000228514
000000095029
000000085527
000000448571
000000197243
000000567916
000000459694
000000002466
000000022757
000000191174
000000034183
000000008785
000000013722
000000008043
000000503464
000000128280
000000565116
000000322822
000000287310
000000405526
000000459184
000000183766
000000515826
000000071647
000000308473
000000299353
000000120721
000000552791
000000461019
000000462632
000000439241
000000029449
000000473571
000000352412
000000335940
000000270500
000000465229
000000315200
000000324115
000000523639
000000450762
000000132170
000000466410
000000390183
000000050096
000000109708
000000443805
000000350878
000000168108
000000343853
000000141496
000000437283
000000000328
000000144388
000000363326
000000261885
000000040924
000000163692
000000179203
000000125069
000000169273
000000396461
000000002400
000000420406
000000370591
000000369998
000000012422
000000137890
000000096251
000000435882
000000491408
000000055627
000000232218
000000075696
000000090962
000000091006
000000546065
000000000562
000000218492
000000207668
000000469795
000000283780
000000109823
000000419052
000000293374
000000520781
000000414284
000000157700
000000167818
000000493751
000000084183
000000085798
000000362558
000000524314
000000205533
000000507979
000000375606
000000444953
000000531697
000000053410
000000197336
000000569242
000000327198
000000226256
000000114678
000000494085
000000183888
000000504907
000000352511
000000204969
000000054989
000000230017
000000007559
000000553304
000000258071
000000037595
000000405088
000000557021
000000436467
000000529345
000000026725
000000398752
000000408859
000000023440
000000520701
000000017560
000000285562
000000336668
000000208509
000000468885
000000320432
000000170980
000000169048
000000054959
000000321805
000000222500
000000436273
000000193465
000000101572
000000348091
000000134738
000000149306
000000307161
000000565198
000000394478
000000051540
000000178962
000000236604
000000038432
000000478979
000000232936
000000220176
000000374164
000000545670
000000503739
000000129888
000000016257
000000345602
000000139067
000000356569
000000159392
000000508339
000000385786
000000043876
000000568090
000000263288
000000096832
000000300867
000000319650
000000030462
000000575631
000000281066
000000516624
000000571867
000000477672
000000311563
000000435152
000000524476
000000090444
000000222259
000000288176
000000226348
000000343248
000000030855
000000270721
000000175600
000000297019
000000303668
000000565932
000000065896
000000127301
000000292596
000000019489
000000343284
000000365512
000000317688
000000447548
000000320089
000000287953
000000247631
000000395865
000000208029
000000514725
000000027285
000000466580
000000308028
000000055130
000000062547
000000297236
000000467908
000000425304
000000552074
000000280731
000000536127
000000210728
000000462957
000000243836
000000495518
000000210782
000000543719
000000234161
000000497873
000000410109
000000476525
000000547797
000000167002
000000177262
000000106038
000000391786
000000575156
000000473849
000000183163
000000280530
000000313653
000000286425
000000256945
000000456076
000000237399
000000504810
000000365182
000000248712
000000450169
000000327918
000000481370
000000447740
000000247134
000000469727
000000026522
000000473057
000000189163
000000126495
000000394715
000000082480
000000191342
000000049719
000000046023
000000436319
000000154123
000000007288
000000365452
000000538586
000000062814
000000508724
000000510399
000000125017
000000568177
000000563625
000000103375
000000157872
000000376679
000000048850
000000415619
000000120615
000000228857
000000521355
000000508504
000000285433
000000316708
000000367795
000000089021
000000522916
000000508990
000000291499
000000018531
000000326203
000000301631
000000355124
000000542928
000000015552
000000033186
000000579042
000000009735
000000244088
000000438099
000000226562
000000106875
000000370444
000000072901
000000306249
000000315577
000000441473
000000251723
000000100972
000000284494
000000513551
000000207481
000000537293
000000371807
000000500677
000000064703
000000182379
000000476934
000000108810
000000531798
000000099407
000000134902
000000428214
000000073757
000000447302
000000083753
000000175775
000000476094
000000427152
000000192574
000000027648
000000089738
000000097217
000000295193
000000132258
000000462488
000000373737
000000522270
000000504152
000000292602
000000435492
000000387256
000000324914
000000048063
000000415697
000000022593
000000051500
000000567562
000000321242
000000034474
000000405838
000000325149
000000506872
000000103027
000000192118
000000111352
000000127407
000000492886
000000271803
000000046809
000000530278
000000399862
000000276590
000000263385
000000537127
000000172513
000000160201
000000265586
000000379845
000000129201
000000443772
000000318910
000000081259
000000305557
000000463360
000000407214
000000505953
000000506388
000000316561
000000127282
000000255529
000000326925
000000320180
000000229688
000000209920
000000436584
000000220449
000000259458
000000116831
000000257971
000000003823
000000531111
000000068162
000000504493
000000433921
000000066001
000000244406
000000204757
000000443223
000000443301
000000187901
000000275855
000000221717
000000206147
000000398722
000000437516
000000139355
000000422336
000000418944
000000381000
000000424532
000000474607
000000406805
000000306632
000000090640
000000547079
000000118246
000000285488
000000484369
000000164091
000000493509
000000321007
000000173474
000000090319
000000419627
000000229848
000000489793
000000186268
000000396765
000000198653
000000427382
000000548882
000000064264
000000402257
000000399203
000000462709
000000576376
000000168291
000000249764
000000243205
000000286550
000000179681
000000421588
000000085212
000000380348
000000416078
000000151566
000000532610
000000259567
000000411654
000000395505
000000385001
000000045653
000000176118
000000122752
000000441296
000000470774
000000542509
000000447862
000000243327
000000393760
000000013283
000000309568
000000399534
000000373219
000000470912
000000578945
000000103098
000000557998
000000280702
000000298931
000000118212
000000333848
000000338458
000000436520
000000402655
000000244646
000000335513
000000457400
000000341296
000000396178
000000465269
000000159199
000000238905
000000242665
000000560809
000000153475
000000258985
000000151318
000000419559
000000451707
000000075624
000000246701
000000488203
000000537149
000000357340
000000146215
000000304078
000000233539
000000313246
000000126356
000000353130
000000050350
000000020207
000000339290
000000272632
000000129921
000000060274
000000579807
000000184386
000000411430
000000133609
000000212525
000000310435
000000564302
000000244894
000000504970
000000252761
000000579725
000000480683
000000488135
000000026924
000000505849
000000267422
000000088031
000000108201
000000423734
000000123722
000000119002
000000535732
000000560307
000000000395
000000016382
000000532503
000000166871
000000138644
000000273600
000000348006
000000314140
000000394806
000000167827
000000115521
000000344896
000000279149
000000411931
000000221663
000000333580
000000124751
000000278219
000000402264
000000014385
000000204606
000000253491
000000561453
000000003703
000000095872
000000223470
000000308582
000000352418
000000237017
000000445103
000000347467
000000008160
000000078253
000000087126
000000511425
000000410845
000000492654
000000356740
000000386996
000000194530
000000144635
000000301046
000000332836
000000574194
000000216038
000000462588
000000351829
000000432153
000000112887
000000520477
000000139258
000000321394
000000251075
000000138915
000000515401
000000275795
000000386890
000000275014
000000131565
000000267059
000000300568
000000121087
000000244011
000000354059
000000246102
000000426849
000000237944
000000093329
000000501982
000000401682
000000104389
000000158288
000000181028
000000333899
000000549143
000000536607
000000174072
000000194559
000000476738
000000115928
000000294853
000000256278
000000328437
000000006572
000000187279
000000497031
000000364487
000000208164
000000080892
000000273268
000000479539
000000114788
000000370278
000000360147
000000022164
000000248133
000000540162
000000010881
000000390243
000000234341
000000515527
000000414546
000000028797
000000391435
000000235945
000000047848
000000221400
000000234768
000000034181
000000474847
000000073174
000000065280
000000546088
000000365471
000000168873
000000131661
000000308524
000000411065
000000164725
000000502808
000000027319
000000069826
000000194581
000000360216
000000099681
000000327694
000000526368
000000197980
000000341584
000000022326
000000424108
000000561864
000000468585
000000062292
000000474401
000000240527
000000398697
000000497826
000000027550
000000319391
000000009866
000000362831
000000087489
000000431439
000000242113
000000377183
000000205304
000000108431
000000144530
000000492478
000000432917
000000252699
000000212838
000000113045
000000095123
000000515423
000000307238
000000228309
000000074001
000000147762
000000475723
000000493048
000000234672
000000257164
000000553061
000000082081
000000303537
000000521560
000000350108
000000188343
000000045672
000000501299
000000120846
000000533800
000000577654
000000096177
000000183453
000000220464
000000298458
000000037015
000000488775
000000259192
000000278582
000000571885
000000282703
000000044767
000000247786
000000542638
000000435468
000000562160
000000022962
000000464340
000000038616
000000566837
000000088603
000000517548
000000131190
000000413736
000000245411
000000192212
000000489622
000000158810
000000494676
000000174137
000000242286
000000495568
000000053616
000000414495
000000348595
000000024414
000000448653
000000166527
000000347648
000000405013
000000457833
000000242510
000000242208
000000465060
000000562030
000000347256
000000057739
000000338963
000000088803
000000046603
000000406366
000000064310
000000050148
000000295613
000000174893
000000560138
000000054337
000000478802
000000004820
000000213288
000000088499
000000208623
000000029642
000000381192
000000373461
000000194425
000000097519
000000039716
000000050592
000000443397
000000226018
000000239654
000000318183
000000534467
000000279522
000000437530
000000304125
000000316073
000000239389
000000357805
000000417619
000000465506
000000257959
000000015693
000000233726
000000170616
000000340002
000000410724
000000530730
000000575310
000000512325
000000145381
000000536605
000000427975
000000533250
000000066647
000000146098
000000495039
000000086875
000000478016
000000313971
000000395426
000000481954
000000376697
000000502637
000000320059
000000104265
000000225986
000000171309
000000317905
000000381244
000000069837
000000007931
000000454543
000000035916
000000463004
000000511559
000000032656
000000282283
000000567018
000000265382
000000142246
000000571331
000000407626
000000054517
000000547879
000000319104
000000191381
000000194288
000000412407
000000438045
000000190861
000000256094
000000089258
000000436185
000000111574
000000341636
000000318385
000000427756
000000342307
000000158848
000000489778
000000406813
000000334732
000000034480
000000113391
000000044215
000000441772
000000393629
000000144693
000000294083
000000057495
000000058816
000000155493
000000129117
000000042182
000000560332
000000290420
000000358451
000000376767
000000037719
000000413334
000000551956
000000281837
000000132002
000000267794
000000413510
000000325944
000000564738
000000215844
000000040842
000000144179
000000030432
000000027142
000000300444
000000223648
000000141509
000000419145
000000280363
000000549845
000000441180
000000533154
000000512387
000000308625
000000093176
000000289633
000000434141
000000346351
000000578210
000000551507
000000476298
000000356187
000000274068
000000240195
000000009119
000000366897
000000576040
000000331334
000000510701
000000220548
000000337585
000000050636
000000118113
000000446881
000000310532
000000395293
000000092729
000000065855
000000155666
000000356380
000000549650
000000574057
000000494341
000000475056
000000579051
000000143329
000000254360
000000578751
000000435975
000000377609
000000410663
000000307731
000000346938
000000127559
000000338094
000000203509
000000090067
000000344488
000000427016
000000478115
000000009857
000000295960
000000102632
000000549098
000000554502
000000536830
000000415634
000000044372
000000087567
000000086234
000000121904
000000454210
000000066273
000000302838
000000292810
000000104982
000000088045
000000084034
000000443635
000000529494
000000205949
000000464283
000000299836
000000555998
000000554635
000000054899
000000475509
000000268195
000000017707
000000530713
000000002284
000000437525
000000255654
000000555035
000000492164
000000059582
000000033361
000000152664
000000564729
000000340278
000000358939
000000316085
000000303485
000000151732
000000456412
000000090322
000000572756
000000401556
000000218855
000000190547
000000304603
000000031188
000000065969
000000296897
000000362879
000000580408
000000037177
000000244768
000000411247
000000575606
000000422464
000000121613
000000333518
000000089908
000000348083
000000237772
000000160393
000000244909
000000387517
000000388566
000000348720
000000335855
000000160771
000000488563
000000442197
000000020070
000000193031
000000341168
000000158540
000000048475
000000469202
000000379399
000000385916
000000015386
000000072026
000000502827
000000279241
000000512123
000000457631
000000182758
000000160108
000000030944
000000549709
000000138270
000000225238
000000504271
000000389855
000000466763
000000514404
000000095308
000000252411
000000416767
000000350706
000000321543
000000518179
000000172987
000000474637
000000171808
000000488822
000000281376
000000273443
000000412490
000000060043
000000200291
000000119460
000000276964
000000276218
000000123083
000000030270
000000206309
000000491277
000000222674
000000171210
000000345861
000000022563
000000180917
000000343792
000000054671
000000176090
000000183214
000000021801
000000422152
000000331162
000000335140
000000054683
000000531313
000000290524
000000505086
000000306830
000000275557
000000493114
000000001771
000000508530
000000052030
000000140999
000000566920
000000167645
000000089281
000000370522
000000057777
000000302855
000000209380
000000295782
000000381837
000000191403
000000036053
000000409251
000000126317
000000460617
000000308735
000000199639
000000357656
000000478712
000000286174
000000362166
000000039010
000000254745
000000152531
000000074601
000000367063
000000070459
000000086924
000000429754
000000191994
000000118256
000000346270
000000279182
000000304484
000000250875
000000049190
000000465552
000000234934
000000333156
000000488556
000000170483
000000568243
000000535171
000000323789
000000441500
000000376706
000000195525
000000441325
000000156567
000000569887
000000237762
000000159577
000000477112
000000561729
000000252420
000000060472
000000127196
000000284644
000000438851
000000427306
000000304973
000000106229
000000419053
000000516766
000000350234
000000432448
000000216837
000000033924
000000146907
000000025654
000000315986
000000107234
000000220607
000000086426
000000079143
000000100588
000000131763
000000361527
000000197201
000000238502
000000151229
000000096268
000000414289
000000356790
000000083036
000000323462
000000379980
000000092344
000000541279
000000539439
000000544408
000000273469
000000128300
000000236234
000000379777
000000012448
000000572147
000000101510
000000315790
000000069200
000000518034
000000185614
000000069745
000000277161
000000466981
000000465825
000000422452
000000076607
000000268333
000000560153
000000319706
000000241525
000000466530
000000226872
000000494329
000000432008
000000400606
000000211843
000000372460
000000111749
000000039446
000000267980
000000494780
000000153300
000000027570
000000398569
000000550117
000000557374
000000339020
000000400443
000000453009
000000219141
000000204386
000000463132
000000077816
000000273081
000000288836
000000199715
000000445002
000000331883
000000188276
000000137378
000000226974
000000129068
000000068601
000000008045
000000489191
000000035407
000000580523
000000545364
000000186125
000000567686
000000383250
000000245806
000000416384
000000205703
000000052638
000000072233
000000551036
000000393445
000000285800
000000302666
000000382617
000000083627
000000126371
000000158322
000000441541
000000331868
000000140984
000000337264
000000146219
000000250802
000000411368
000000187886
000000263274
000000392727
000000269726
000000217458
000000464630
000000320946
000000384197
000000043583
000000186276
000000223764
000000008062
000000520519
000000409674
000000517399
000000416741
000000079544
000000033761
000000556698
000000124367
000000045108
000000441253
000000214028
000000077473
000000255770
000000264805
000000390841
000000454631
000000230246
000000568424
000000153845
000000040248
000000375043
000000330732
000000048900
000000147543
000000514241
000000181519
000000003259
000000222345
000000535278
000000426852
000000521570
000000422406
000000018801
000000334373
000000495793
000000497693
000000377190
000000374061
000000040531
000000193254
000000333348
000000234916
000000573525
000000135453
000000331777
000000405635
000000576831
000000384641
000000404101
000000127096
000000191705
000000394900
000000228435
000000485529
000000280873
000000070865
000000537844
000000313340
000000230209
000000379740
000000345559
000000565876
000000079170
000000117396
000000257629
000000500984
000000312671
000000400528
000000233615
000000042576
000000523322
000000168356
000000162841
000000050735
000000156125
000000492715
000000548561
000000112286
000000356216
000000512292
000000019635
000000186405
000000439550
000000115037
000000300324
000000036278
000000009729
000000132306
000000013140
000000561346
000000212967
000000271747
000000205636
000000030001
000000337277
000000404063
000000248403
000000138127
000000057885
000000141263
000000010039
000000474760
000000263382
000000104304
000000173968
000000221040
000000056332
000000466924
000000226249
000000536553
000000558276
000000311395
000000093893
000000120335
000000293837
000000321885
000000418825
000000571513
000000040881
000000370103
000000154650
000000472348
000000337068
000000408672
000000337177
000000076138
000000148373
000000341865
000000399488
000000552004
000000495599
000000233483
000000305546
000000072101
000000334012
000000526980
000000056828
000000133114
000000515850
000000396188
000000080599
000000001536
000000533596
000000313553
000000209191
000000284770
000000487256
000000471573
000000416271
000000234555
000000516668
000000363298
000000187823
000000062399
000000093183
000000555427
000000445503
000000103806
000000091842
000000404450
000000287858
000000300245
000000460982
000000333309
000000111341
000000550403
000000001573
000000225721
000000050306
000000119760
000000520950
000000218334
000000385533
000000363581
000000517882
000000459151
000000044995
000000516008
000000388662
000000254007
000000001906
000000439840
000000403639
000000327979
000000515893
000000573997
000000319456
000000146439
000000328409
000000088917
000000198981
000000220042
000000399615
000000386468
000000190277
000000476398
000000189648
000000550355
000000075230
000000035979
000000519616
000000438447
000000321064
000000050056
000000551636
000000325986
000000488386
000000092464
000000209868
000000187724
000000473942
000000576047
000000218988
000000580406
000000151790
000000493843
000000383494
000000304587
000000085171
000000019308
000000416184
000000517755
000000323765
000000285421
000000070190
000000178901
000000061849
000000317874
000000203948
000000574760
000000482984
000000075973
000000001298
000000303804
000000369872
000000384981
000000518873
000000431779
000000487502
000000098694
000000393225
000000458052
000000209027
000000445127
000000231768
000000351808
000000402228
000000105389
000000483889
000000117722
000000156042
000000317512
000000196320
000000414884
000000131697
000000168690
000000121184
000000473888
000000141673
000000541314
000000229342
000000156802
000000019484
000000434539
000000260167
000000541293
000000111322
000000563292
000000389326
000000107162
000000279415
000000517276
000000202279
000000263098
000000059685
000000205089
000000192322
000000409546
000000153811
000000151328
000000335539
000000364656
000000507927
000000230617
000000263769
000000180549
000000419159
000000281237
000000164957
000000467516
000000479663
000000226758
000000387792
000000324521
000000230982
000000454514
000000006428
000000375016
000000080927
000000474356
000000221605
000000003483
000000094518
000000487872
000000531244
000000228669
000000248459
000000416478
000000248649
000000441313
000000144062
000000046676
000000317062
000000393338
000000058315
000000251798
000000234592
000000418409
000000022536
000000367814
000000456184
000000097682
000000453010
000000435185
000000388511
000000213391
000000255315
000000277706
000000362046
000000218569
000000506011
000000155165
000000165433
000000328740
000000554900
000000165376
000000237413
000000097922
000000375483
000000371216
000000384592
000000380597
000000176120
000000170937
000000025729
000000554749
000000379310
000000256851
000000051949
000000341529
000000218558
000000547636
000000321235
000000405613
000000506617
000000516535
000000323598
000000362349
000000492990
000000383949
000000058245
000000293334
000000379911
000000391745
000000242076
000000399818
000000388469
000000482889
000000456310
000000372976
000000329566
000000231320
000000524062
000000517921
000000179770
000000068657
000000324940
000000118736
000000537774
000000456678
000000287384
000000363078
000000461428
000000022194
000000190783
000000168953
000000566188
000000146226
000000092488
000000136783
000000439364
000000381314
000000079472
000000278425
000000090569
000000276089
000000373381
000000073774
000000145325
000000075852
000000145863
000000332159
000000522637
000000532827
000000334625
000000166335
000000086282
000000311041
000000355727
000000143532
000000218832
000000205931
000000229525
000000426418
000000214985
000000424161
000000518080
000000047507
000000449594
000000208646
000000407139
000000388075
000000575842
000000302579
000000478375
000000402621
000000369167
000000125882
000000263735
000000029838
000000277338
000000010856
000000327576
000000046492
000000528299
000000284628
000000523818
000000561529
000000484695
000000315399
000000191159
000000415429
000000172094
000000202989
000000551934
000000320159
000000306426
000000361255
000000036563
000000010779
000000293537
000000508004
000000578702
000000581283
000000448413
000000260399
000000324732
000000264236
000000414772
000000564099
000000450330
000000227032
000000471109
000000106363
000000398613
000000521906
000000472309
000000444350
000000153542
000000521437
000000070295
000000310390
000000414212
000000003685
000000184157
000000006921
000000091837
000000563177
000000073861
000000297414
000000418385
000000496287
000000325682
000000170712
000000495438
000000425609
000000218924
000000208548
000000348697
000000362839
000000325992
000000505493
000000256983
000000285302
000000277544
000000392154
000000131847
000000546500
000000553548
000000047467
000000410312
000000513618
000000555748
000000309314
000000076207
000000035672
000000388348
000000150320
000000057481
000000204448
000000108695
000000120986
000000034212
000000007167
000000015427
000000469614
000000358633
000000435549
000000085160
000000281756
000000454209
000000307262
000000220615
000000457263
000000185046
000000045237
000000360170
000000337158
000000159444
000000499365
000000257336
000000227540
000000383267
000000572296
000000564058
000000556326
000000569450
000000271548
000000543732
000000064823
000000217989
000000346386
000000132386
000000365980
000000254079
000000001647
000000100812
000000452536
000000081704
000000030997
000000577169
000000411871
000000465545
000000296758
000000004392
000000054874
000000009217
000000314193
000000513574
000000547869
000000088928
000000008086
000000073239
000000134768
000000400592
000000069266
000000471686
000000242992
000000135125
000000551327
000000487825
000000008418
000000426972
000000309948
000000263358
000000270956
000000093402
000000136396
000000212058
000000489195
000000463201
000000168217
000000367065
000000538518
000000157230
000000010130
000000040779
000000236661
000000319996
000000316019
000000573911
000000299946
000000527533
000000039588
000000241431
000000467411
000000273250
000000182571
000000057878
000000395995
000000471988
000000081721
000000264250
000000381458
000000036693
000000401703
000000564572
000000375437
000000011305
000000067531
000000400516
000000369309
000000542694
000000198198
000000575923
000000535327
000000088140
000000543566
000000507782
000000124824
000000283316
000000403910
000000148839
000000170336
000000030139
000000206257
000000476939
000000260285
000000244326
000000472026
000000354306
000000076081
000000256465
000000473069
000000092411
000000362184
000000098956
000000565091
000000549168
000000343914
000000111188
000000439486
000000306524
000000076970
000000556230
000000298914
000000236279
000000469667
000000570643
000000468876
000000191540
000000024305
000000053255
000000165062
000000344222
000000350810
000000534049
000000478798
000000241667
000000231142
000000253489
000000114178
000000368706
000000170101
000000101630
000000391657
000000503653
000000214274
000000397997
000000039844
000000486168
000000474230
000000452724
000000316047
000000170834
000000229149
000000378644
000000007476
000000237350
000000292133
000000206489
000000288501
000000164339
000000370145
000000536322
000000214133
000000257663
000000270596
000000306644
000000470909
000000164499
000000491182
000000217707
000000360555
000000093553
000000132540
000000437169
000000033057
000000034080
000000269273
000000352422
000000055323
000000369082
000000036614
000000563725
000000473153
000000303178
000000368347
000000400918
000000359128
000000173235
000000505619
000000324837
000000549496
000000438258
000000445323
000000350953
000000045582
000000495973
000000117721
000000307968
000000565389
000000033172
000000312868
000000167355
000000486004
000000144703
000000441379
000000166142
000000332578
000000294832
000000041846
000000391678
000000440646
000000175804
000000506605
000000493295
000000324584
000000094092
000000345372
000000538480
000000082622
000000197616
000000443259
000000080526
000000108548
000000350067
000000346876
000000275708
000000276871
000000426994
000000051594
000000183276
000000465035
000000088136
000000144162
000000448613
000000075285
000000340727
000000502862
000000116397
000000578524
000000294226
000000429323
000000516124
000000095891
000000340995
000000276507
000000173801
000000085247
000000015156
000000193001
000000285821
000000348606
000000259591
000000490280
000000490264
000000113282
000000002886
000000265895
000000010115
000000172886
000000348479
000000174345
000000509948
000000438252
000000183240
000000018359
000000329543
000000096998
000000109106
000000343418
000000528507
000000123694
000000237922
000000515106
000000068749
000000444744
000000188831
000000219752
000000438349
000000540926
000000092051
000000481819
000000432430
000000203859
000000121112
000000118302
000000147586
000000235842
000000276956
000000188712
000000137130
000000501177
000000333831
000000518859
000000025388
000000554083
000000345532
000000514384
000000136140
000000119785
000000099115
000000418757
000000208000
000000339876
000000136097
000000278467
000000477483
000000576533
000000208629
000000498295
000000146487
000000265574
000000358191
000000024808
000000484312
000000556202
000000253992
000000499930
000000493724
000000493911
000000105737
000000496160
000000510225
000000141682
000000064619
000000096901
000000015262
000000055294
000000423744
000000179951
000000221199
000000128127
000000179793
000000357057
000000246041
000000462803
000000124169
000000260029
000000458621
000000135875
000000412101
000000573165
000000442878
000000021795
000000520654
000000427252
000000104999
000000336643
000000564990
000000083002
000000383893
000000090122
000000323008
000000118199
000000034826
000000516168
000000549209
000000133196
000000008922
000000297779
000000527492
000000209279
000000283809
000000173282
000000144349
000000335284
000000267985
000000201748
000000270135
000000138075
000000134819
000000201940
000000477031
000000263264
000000431922
000000287285
000000223295
000000534173
000000247986
000000147963
000000542854
000000392062
000000564789
000000576589
000000024253
000000014335
000000162249
000000369125
000000566596
000000280972
000000119966
000000401944
000000272647
000000421643
000000171081
000000520401
000000116735
000000085281
000000129658
000000295017
000000285484
000000079465
000000237818
000000275038
000000196699
000000076161
000000371157
000000463695
000000471945
000000575389
000000056849
000000440049
000000192992
000000536403
000000274402
000000208844
000000336937
000000462054
000000505903
000000021190
000000042513
000000290410
000000358029
000000059654
000000000643
000000161308
000000412174
000000297300
000000293133
000000410482
000000496379
000000474764
000000058609
000000373810
000000044774
000000335098
000000576067
000000202436
000000309322
000000159923
000000211725
000000453178
000000435709
000000433505
000000536609
000000165542
000000141163
000000510977
000000535666
000000169845
000000493699
000000013783
000000081479
000000337528
000000502914
000000205309
000000323784
000000189893
000000178847
000000092714
000000179191
000000474504
000000433288
000000035966
000000578295
000000365657
000000231019
000000496926
000000213219
000000277848
000000031983
000000102256
000000158333
000000561375
000000536939
000000047225
000000247508
000000070211
000000484884
000000064409
000000459721
000000359081
000000556775
000000358411
000000477233
000000357456
000000071726
000000455311
000000119718
000000119614
000000233112
000000172248
000000364797
000000465130
000000467500
000000377090
000000187424
000000097315
000000011262
000000436073
000000351783
000000247397
000000080652
000000352949
000000169646
000000300629
000000039089
000000303935
000000027030
000000144870
000000313928
000000524180
000000240889
000000453824
000000474817
000000170930
000000262704
000000509718
000000110473
000000552364
000000278966
000000298573
000000331864
000000066853
000000572121
000000107443
000000487192
000000368510
000000045089
000000214518
000000113967
000000115942
000000003992
000000224079
000000440310
000000437676
000000243734
000000298924
000000371493
000000080172
000000299413
000000447770
000000245996
000000482562
000000482007
000000323919
000000428266
000000456666
000000252859
000000408431
000000535335
000000284021
000000000514
000000569602
000000333407
000000418193
000000321169
000000274632
000000023538
000000214309
000000350310
000000070353
000000157554
000000124027
000000512495
000000242291
000000475804
000000574250
000000374288
000000440299
000000341054
000000504147
000000281815
000000109417
000000256721
000000001902
000000018687
000000038034
000000450391
000000252388
000000199628
000000159777
000000375004
000000535891
000000188478
000000225369
000000009113
000000062154
000000041597
000000134375
000000507875
000000088376
000000556383
000000159723
000000564715
000000008176
000000132552
000000566849
000000275999
000000215622
000000449373
000000398872
000000178770
000000530905
000000010476
000000042321
000000371490
000000364444
000000513397
000000135975
000000023108
000000504184
000000123901
000000261066
000000236314
000000168161
000000022518
000000087213
000000213988
000000362659
000000160283
000000081868
000000529668
000000213421
000000440449
000000520485
000000353790
000000326640
000000040037
000000171729
000000540868
000000460812
000000103843
000000526321
000000126073
000000446894
000000087363
000000542150
000000345804
000000478892
000000297039
000000208044
000000110240
000000515377
000000066028
000000014635
000000335913
000000388677
000000185768
000000113205
000000489235
000000253432
000000414750
000000036267
000000044294
000000168259
000000055808
000000333020
000000379475
000000249275
000000268590
000000092645
000000434299
000000405141
000000578009
000000080360
000000257767
000000461839
000000398729
000000299417
000000145093
000000099139
000000466967
000000206280
000000395761
000000541897
000000024104
000000515773
000000042752
000000563697
000000287854
000000123125
000000498562
000000537532
000000545659
000000086770
000000497140
000000058153
000000202499
000000286525
000000438691
000000122511
000000070133
000000130492
000000280838
000000167528
000000249715
000000240637
000000156608
000000466014
000000164485
000000439346
000000213135
000000360536
000000381041
000000048684
000000542443
000000011184
000000294943
000000537444
000000385182
000000113182
000000079445
000000016523
000000371717
000000155549
000000435869
000000103582
000000275893
000000186585
000000304342
000000262658
000000285864
000000420344
000000578521
000000022086
000000279578
000000088244
000000469567
000000210884
000000101473
000000502231
000000365479
000000002591
000000277129
000000366476
000000287035
000000368367
000000056499
000000024721
000000073864
000000417153
000000051741
000000216664
000000578675
000000233955
000000292157
000000053931
000000093465
000000538497
000000313015
000000079506
000000341843
000000133679
000000341413
000000039195
000000207077
000000205370
000000104188
000000519895
000000450544
000000016928
000000142481
000000508723
000000550311
000000490871
000000428305
000000310163
000000437810
000000455257
000000272510
000000564228
000000225870
000000057843
000000247744
000000228418
000000116405
000000100781
000000005154
000000167397
000000340934
000000122390
000000182056
000000405146
000000294990
000000512405
000000532557
000000125106
000000269105
000000010877
000000141102
000000390061
000000006578
000000375992
000000326477
000000131016
000000217449
000000448923
000000401037
000000031912
000000350701
000000480180
000000161193
000000296252
000000497402
000000047873
000000296620
000000030391
000000215523
000000346492
000000248170
000000180971
000000082363
000000135029
000000136624
000000106490
000000581601
000000378451
000000077417
000000528411
000000203887
000000454372
000000506576
000000480576
000000353898
000000189811
000000247234
000000474732
000000529544
000000011643
000000375590
000000258644
000000082147
000000062046
000000305526
000000074967
000000312917
000000349234
000000320471
000000480412
000000011328
000000100848
000000382564
000000263968
000000048739
000000387678
000000503663
000000564235
000000052631
000000081612
000000580051
000000046852
000000519337
000000001852
000000012281
000000211255
000000107954
000000468773
000000209113
000000409194
000000117532
000000008292
000000175291
000000429038
000000192931
000000072794
000000377626
000000367700
000000258327
000000187565
000000385276
000000258159
000000207196
000000072664
000000189588
000000570242
000000553224
000000326344
000000159981
000000259906
000000398157
000000414857
000000300216
000000156090
000000449347
000000364590
000000247945
000000001505
000000117759
000000113668
000000290532
000000042471
000000099968
000000092020
000000468125
000000198360
000000556497
000000035725
000000547130
000000185700
000000105344
000000049096
000000205756
000000312143
000000556983
000000474105
000000038733
000000462501
000000531852
000000126235
000000231593
000000312697
000000384967
000000434053
000000007320
000000239376
000000228551
000000079792
000000017967
000000401400
000000164189
000000060539
000000115709
000000433766
000000072582
000000192710
000000015055
000000445495
000000429971
000000509531
000000543942
000000510613
000000331712
000000236792
000000197880
000000468917
000000017154
000000304909
000000500019
000000283261
000000044129
000000548053
000000155292
000000060180
000000358660
000000433259
000000468417
000000226097
000000292512
000000190722
000000309005
000000040109
000000421253
000000426076
000000134815
000000452615
000000274541
000000317331
000000482330
000000517936
000000091343
000000122382
000000413419
000000099498
000000443652
000000152405
000000179735
000000447037
000000392476
000000025855
000000331331
000000520199
000000305788
000000131203
000000256190
000000309418
000000080789
000000548768
000000029104
000000541313
000000148968
000000327026
000000321014
000000358083
000000253438
000000185168
000000238138
000000185041
000000204256
000000054533
000000369126
000000130732
000000284233
000000416930
000000239772
000000069653
000000515421
000000309797
000000150969
000000215808
000000070000
000000509811
000000078457
000000458282
000000322064
000000060360
000000520108
000000561479
000000536149
000000001681
000000529238
000000220239
000000157876
000000512436
000000298680
000000486362
000000113571
000000008708
000000104232
000000301603
000000165014
000000502126
000000476589
000000042711
000000279939
000000036622
000000478473
000000415048
000000058270
000000540460
000000382758
000000154324
000000379771
000000309368
000000527733
000000337422
000000280429
000000081576
000000113040
000000222453
000000062376
000000325385
000000132768
000000008747
000000463012
000000015897
000000549230
000000196168
000000351253
000000060881
000000373193
000000471955
000000273086
000000309386
000000338882
000000106748
000000473797
000000261783
000000059693
000000110800
000000553285
000000500499
000000538604
000000256608
000000391460
000000307039
000000078359
000000099515
000000231744
000000229131
000000022048
000000061478
000000073197
000000437895
000000061642
000000563805
000000488401
000000167783
000000035094
000000021969
000000456942
000000270239
000000065244
000000050099
000000487182
000000296267
000000126014
000000478175
000000501909
000000079193
000000082106
000000152398
000000205152
000000067657
000000096500
000000556954
000000039852
000000122109
000000044763
000000057249
000000432037
000000470960
000000409985
000000205460
000000419119
000000175383
000000429074
000000552579
000000256107
000000123539
000000335688
000000444682
000000319613
000000022696
000000208644
000000031730
000000474751
000000240835
000000072315
000000358421
000000298985
000000116466
000000278449
000000234088
000000295574
000000187167
000000349737
000000577312
000000350231
000000396179
000000209603
000000027862
000000299648
000000191353
000000388399
000000579541
000000131075
000000179102
000000187262
000000542391
000000224224
000000563615
000000310376
000000423349
000000309502
000000029274
000000490224
000000430257
000000180020
000000538822
000000281387
000000412806
000000581766
000000154868
000000199151
000000383438
000000543897
000000544046
000000075976
000000563935
000000433992
000000226220
000000521200
000000024402
000000443725
000000191573
000000018658
000000253145
000000184700
000000478833
000000438734
000000548388
000000019941
000000174206
000000281557
000000009656
000000453866
000000456350
000000135907
000000273929
000000503470
000000105538
000000203822
000000032893
000000536923
000000315603
000000085209
000000365873
000000289140
000000285417
000000007274
000000203661
000000055385
000000080016
000000580120
000000151594
000000356921
000000533462
000000479720
000000249357
000000439307
000000181680
000000350825
000000313341
000000544717
000000104510
000000304964
000000410622
000000129159
000000359302
000000122602
000000255486
000000188693
000000422982
000000452459
000000491985
000000340024
000000055788
000000436453
000000154739
000000254136
000000527257
000000038314
000000245094
000000483046
000000147060
000000129139
000000427308
000000037814
000000161657
000000080067
000000355904
000000551718
000000271591
000000169988
000000082666
000000072237
000000414010
000000355871
000000357865
000000115649
000000468605
000000039663
000000138079
000000052773
000000153736
000000029430
000000380248
000000507421
000000186438
000000475985
000000315378
000000412377
000000173695
000000303219
000000446420
000000435389
000000400064
000000485462
000000121226
000000258732
000000232363
000000211690
000000385403
000000457580
000000415179
000000230972
000000031041
000000059267
000000210416
000000155340
000000139400
000000081469
000000399164
000000230987
000000239894
000000423141
000000499486
000000453417
000000065329
000000502043
000000159761
000000092601
000000401327
000000519157
000000485452
000000017366
000000071936
000000469265
000000212023
000000407216
000000393394
000000524820
000000032868
000000548423
000000345005
000000119860
000000550995
000000495077
000000525667
000000540828
000000030983
000000139304
000000139469
000000245089
000000259790
000000568628
000000393705
000000264371
000000562589
000000119015
000000037091
000000299714
000000201192
000000479590
000000392362
000000477439
000000249111
000000122118
000000019589
000000014412
000000068075
000000178510
000000539041
000000354716
000000396541
000000357933
000000450974
000000038525
000000001084
000000084603
000000335433
000000437541
000000554854
000000488584
000000043073
000000028085
000000099747
000000292722
000000487442
000000084273
000000064155
000000031113
000000202739
000000006177
000000518659
000000533506
000000188136
000000078478
000000044039
000000512869
000000463496
000000156849
000000551305
000000041319
000000020632
000000443875
000000039004
000000276796
000000059157
000000057454
000000189646
000000092835
000000121446
000000350799
000000198429
000000441738
000000550353
000000219894
000000192834
000000420523
000000326479
000000529630
000000298622
000000040304
000000077432
000000257196
000000425862
000000439897
000000168355
000000356610
000000485654
000000232357
000000272444
000000574110
000000023177
000000125886
000000232167
000000402142
000000136917
000000326111
000000127342
000000156716
000000512583
000000072098
000000432174
000000214924
000000334381
000000472029
000000339916
000000270603
000000386179
000000187952
000000103134
000000461600
000000523669
000000410409
000000083768
000000148409
000000225537
000000272728
000000341397
000000260978
000000149320
000000022198
000000272670
000000524645
000000040338
000000444664
000000294236
000000134290
000000102834
000000581226
000000377397
000000367321
000000153219
000000306560
000000321674
000000188460
000000072845
000000117308
000000015809
000000039064
000000062703
000000196758
000000342100
000000211013
000000151493
000000574908
000000125689
000000578107
000000298405
000000212859
000000538566
000000089268
000000388852
000000407192
000000549413
000000557239
000000368142
000000263957
000000307611
000000514156
000000152759
000000390201
000000393692
000000287221
000000549797
000000347957
000000082554
000000545944
000000259595
000000202856
000000432441
000000068344
000000014988
000000133963
000000481355
000000484583
000000433277
000000141160
000000519649
000000258141
000000063266
000000522754
000000089703
000000535403
000000342381
000000507958
000000537939
000000115158
000000174421
000000465695
000000265980
000000437184
000000355050
000000201757
000000013045
000000382207
000000271214
000000225060
000000267998
000000490897
000000524848
000000286860
000000113619
000000397664
000000074502
000000038718
000000257470
000000315193
000000550726
000000126925
000000280377
000000368980
000000135202
000000501067
000000244425
000000225539
000000246753
000000193488
000000379545
000000490322
000000571719
000000101874
000000326098
000000075270
000000068674
000000479647
000000255930
000000145444
000000446615
000000569900
000000169517
000000530658
000000295524
000000050230
000000079634
000000299811
000000518628
000000054692
000000336484
000000408518
000000561547
000000007921
000000518883
000000440827
000000342160
000000519977
000000023134
000000229494
000000011619
000000003716
000000262093
000000248167
000000508561
