000000331474
000000161277
000000297394
000000140006
000000121828
000000342146
000000319917
000000460286
000000010400
000000184633
000000137085
2008_003055
000000367260
000000388391
000000153104
000000038029
000000279920
000000111425
000000131847
000000229837
000000128277
000000564781
000000019313
000000317186
000000007452
000000358391
000000560323
000000326256
000000400075
000000343634
2011_002379
000000252043
000000184937
000000344629
000000053301
000000178671
000000317015
000000566798
000000273704
000000462984
000000441858
000000013783
000000156533
000000483611
000000465853
000000394793
000000089908
000000397473
000000435046
000000382701
000000254520
000000289248
000000047524
000000095295
000000454878
000000573225
000000505701
000000149196
000000186125
000000489585
000000229001
000000477672
000000350500
000000437789
000000076100
2008_005436
000000101319
000000177860
000000189351
000000545566
2009_004117
000000068003
000000090061
000000161084
000000332767
000000126869
000000048870
000000476827
000000103969
2009_002901
2010_004010
000000105504
000000070562
000000405736
000000243333
000000181771
000000467177
008442
000000330734
000000113725
000000171429
000000158288
000000147915
000000485300
000000006712
000000409628
000000088603
000000407974
000000529562
002099
000000205101
000000535679
000000110894
000000064534
000000443667
000000572474
000000147404
000000528331
000000368475
000000199913
000000553506
000000269921
000000479081
000000314734
000000156474
000000162300
000000520851
000000062877
000000091954
000000116250
000000421978
000000304466
000000332876
000000131225
000000360277
000000122382
000000065979
000000344229
000000223032
000000311377
000000459265
000000407705
002352
000000183342
000000409824
000000119210
000000328818
000000008186
000000208612
000000498694
000000307054
000000051628
000000373880
000000037932
000000251044
000000378134
000000308168
000000336046
000000513080
000000276937
000000536010
000000110979
000000461326
2008_007254
000000062210
000000502091
000000120926
000000237477
000000245337
000000067373
000000027352
000000011172
000000543224
000000190945
000000110026
000000044140
000000133571
000000100812
000000463320
2008_001717
000000485916
000000051191
000000318677
000000565286
000000423534
000000368717
000000494217
000000367074
000000386443
000000150999
000000147122
2008_007011
000000243019
000000300678
000000210271
000000150669
000000190882
000000190463
000000360805
000000294535
000000054520
000000272097
000000542173
000000055947
2008_004239
2009_001433
000000441952
000000336959
000000270179
000000544264
000000408219
000000047909
000000423678
000000202888
000000383111
000000045131
000000561453
000000171632
000000289746
000000364992
000000110484
000000413277
000000576676
000000280254
000000345074
2009_002557
000000321120
000000109921
000000149657
000000115229
2010_005980
000000410845
000000348584
000000102532
000000290177
000000512276
000000564865
000000249807
000000368373
000000558673
000000405209
000000372833
000000556391
005414
000000237850
000000303597
2011_000850
000000579231
000000202343
000000053088
000000059169
000000245729
000000182784
000000081485
2008_008115
2008_007596
000000563574
000000395742
000000144874
000000294346
000000238960
000000017312
006866
000000279208
000000439678
2008_008617
000000063485
000000333407
000000321007
000000452836
000000154633
000000132510
000000124835
000000210997
000000359947
000000363826
000000067798
000000097862
000000385913
2009_004108
000000343198
000000318646
000000429887
000000409982
000000227948
000000288586
000000281756
000000239888
000000399337
000000240379
000000127301
000000310390
000000042808
2010_005885
000000284605
000000475685
000000137888
000000357808
000000236189
000000178307
000000073584
000000573807
000000357289
000000378860
000000175020
000000000909
000000362007
000000019349
000000496718
000000182897
000000144200
000000333580
000000349153
000000438858
000000149623
000000550421
000000520430
000000509806
000000407768
2009_001811
000000319456
000000451287
000000028797
000000173684
000000004823
000000400625
004390
000000522898
000000124190
000000053965
000000401766
000000383267
000000272027
000000093971
2009_000964
000000096991
000000483179
000000190722
000000042820
000000322517
2009_001184
2011_001655
000000490857
000000257219
2009_002499
000000302213
000000050263
000000297323
000000449195
000000208196
000000335713
000000406224
000000081070
000000088200
000000543790
008163
000000529208
000000162769
000000521726
000000199883
000000005140
000000081476
000000502827
000000252868
000000454003
000000280242
000000208082
000163
2010_001225
000000307016
000000318618
000000098983
000000229633
000000558798
000000066909
000000168260
000000363343
000000422026
006944
000000493020
000000548357
000000138806
000000026537
2011_000839
000000243852
000000349709
000000214725
000000563898
000000214007
000000020052
000000393027
000000395865
000000472521
000000378089
000000350481
000000321539
000000008772
000000212633
000000237350
000000135125
000000164920
000000256451
000000403270
000000294330
2008_005843
000000554643
000000460187
000000057308
000000231568
000000047907
002953
000000344410
000000500946
000000245874
000000570403
2010_005026
000000002907
000000274800
000000463856
000000165766
000209
000000345368
2011_002079
000000385078
000000132019
000000262471
000000451375
000000055733
2009_003734
000000234577
000000478220
000000490511
000000333708
000000289326
000000367205
000000055466
000000078488
000000226701
2010_000195
000000224596
000000012766
2010_005993
2010_004998
000000316571
000000425815
000000521197
000000185820
000000569242
000000565248
000000026697
2009_001301
000000374829
2008_005668
000000382958
000000187724
000000224850
000000381828
000000002124
000000211265
2008_000915
000000069914
006542
2008_000361
000000143758
000000277718
000000136153
000000059567
000000167613
000000146961
000000510642
000000100449
000000516624
003926
000000039619
000000061598
000000531798
000000104097
000000324082
000000394325
000000108100
000000505849
2010_001256
000000440182
000000443784
000000065841
000000005373
000000449841
2008_007334
000000530259
000000118199
000000480876
000000034754
000000464921
000000119608
000000025847
000000303685
000000104304
000000478485
000000493102
006095
000000397792
000000427486
000000403913
001523
000000312718
000000070164
000000216664
000000385687
000000499419
000000506971
000000456768
000000138073
000000307379
000000396622
000000166463
000000268885
000000195233
000000553039
2010_003383
000000496847
000000529515
000000559755
000000299970
000000003786
000000234296
000000568555
000000233834
000000043417
000000441876
000000526433
000000426053
000000220096
000000074001
000000020268
000000393428
000000209405
2011_000743
000000130245
000000050201
000000331457
000000407644
000000238757
000000224777
000000544778
2010_003321
000000354306
2008_003585
000000528731
000000456578
000000220463
000000328421
000000007946
000000417588
000000237254
000000200492
000000022257
000000212967
000000341430
000000261139
000000533394
000000088456
000000557339
000000407146
000000412248
000000227882
2008_000270
000000453738
000000321059
2008_007133
000000168356
000000275630
000000523536
000000075842
000000197918
2008_005726
000000548706
000000037030
000000227061
000000120850
000000086728
000000337561
000000336862
000000124416
000000495518
000000203641
000000291825
000000555843
000000383454
000000292301
000000347840
000000439241
000000518455
000000138137
000000544522
2010_003483
2011_001875
000000410509
000000342203
000000240295
003233
000000210806
000000288055
000000282868
000000384375
000000024081
000000294937
000000134552
000000390232
000000030391
000000520343
000000516553
000000128468
000000061732
000000234297
000000051680
000000122194
000000284667
000000462208
000000277094
2010_003539
002844
000000046927
000000462383
000000446764
000000211034
000000512140
000000370701
000000539163
2010_002618
000000474868
000000447623
000000202128
000000070718
000000375939
000000456039
000000525087
000000500152
000000504396
000000322897
000000434966
000000318241
000000551607
000000127669
000000439118
000000382673
000000482233
000000503598
000000392154
000000352217
000000467685
000000084171
000000008292
000000525371
000000178876
000000374702
2011_001678
000000042277
000000448381
2009_004291
000000285358
000000217561
000000376667
000000521196
000000480536
000000152261
000000359695
000000553297
000000468518
000000381475
000000572121
000000303627
000000348469
2011_000304
000000166049
000000233672
000000264353
000000203003
000000220339
000000329494
000000040602
000000049716
000000525212
000000165550
000000414857
000000460326
002095
000000332427
000000285893
000000123282
000000226562
000000093034
000000352841
000000069675
000000403132
000000237833
000000234277
000000188421
000000450275
000000158017
000000253521
000000294459
000000112040
000000010138
000000192301
000000090122
000000456827
000000131312
000000360328
000000278078
000000184642
000000188702
000000285132
000000033270
000000278060
000000435882
000000076431
000000318768
000000385005
000000108042
000000330177
000000413839
000000304342
000000538609
000000026484
000000312465
000000581887
000000415670
000000314027
000000454961
2010_005838
000000488373
000000267184
000000177807
000000495252
2009_002122
2009_002319
000000525100
001475
000000167577
000000510684
2010_005767
000000073897
000000100319
000000539845
000000405181
000000202186
000000453857
000000233955
000000170393
000000151939
000000265646
000000064627
000000527728
000000345172
006588
2008_004140
000000343227
000000327481
000000055107
000000380893
000000200605
000000057796
000000275969
000000486567
2009_004492
000000253131
000000397987
000000560841
000000077118
000000485926
000000258391
000000311206
000000043692
000000333983
000000173208
000000079446
000000236712
000000324018
000000140821
000000095029
000000428019
000000561590
000000416098
000000436685
008220
000000009176
000000274633
000000550221
000000131352
000000386945
000000260257
000000496404
002869
000000193880
000000316725
000000044388
000000017198
000000396896
000000534722
000000294883
2008_008040
000000139345
000000216324
000000077834
000000394058
2008_007618
2009_001192
000000569987
000000107019
000000289158
000000532810
000000034013
000000416766
000000325944
000000274547
2009_002559
000000156604
000000500954
000000525807
000000559618
000000458282
000000230227
000000117839
000000165611
000000146813
000000173252
000000137767
000000137230
000000235842
000000013129
000000026817
000000184386
000000128299
2008_005916
000000026987
000000067835
000000519089
000000228161
000000548361
000000096208
000000179850
000000549773
000000432417
007004
000000292226
000000517875
000000560587
000000250367
000000404367
000000074832
000000191854
000000569533
000000299986
000000203870
000000237081
000000059319
000000576343
000000512308
000000333888
000000204432
000000476873
000000409181
000000112664
000000470513
000000115113
000000565522
007398
000000461408
000000107782
000000258794
000000364359
000000147779
000000349201
000000016383
000000318721
2009_000648
2008_001810
000000575354
000000436117
2009_000566
000000037616
000000405527
000000414744
000000278315
000000578659
000000229946
000000400238
2009_001206
000000471589
000000414651
000000149079
000000003870
000000474732
000000230661
000000521200
000000283648
000000024823
006107
2011_002884
000000183495
000000165248
000000369859
000000216810
000000134119
000000356351
000000157209
000000040274
000000572756
000000404297
000000436814
000000530899
000000054943
000000072582
000000338978
000000101096
000000216003
000000186816
000000479023
000000335758
000000281267
000000189706
000000180764
000000249543
000000293130
000000447902
000000189997
000000457060
2009_002605
001334
000000281112
000000356974
000000004245
2008_002389
000000513609
000000123970
000000016069
000000433536
000000408204
000000202389
000000532527
000000210079
000000117515
000000301417
000000228274
000000095506
000000124383
000000067502
000000379659
000000268049
003424
000000067118
000000065582
000000236349
000000499952
000000244816
000000247141
000000419834
000000029426
000000464006
000000125978
000000493294
000000001451
000000457904
000000484090
000000581393
000000173598
000000006608
000000048475
000000239520
000000104299
000000371822
2010_002229
000000312367
000000315768
000000263271
008351
000000530590
000000015552
000000036473
000000337976
000000347772
000000125773
000000447688
000000424431
000000029879
000000074273
000000507087
000000132878
000000157693
2010_001923
000000296383
000000244197
000000543713
000000445009
000000171758
000000103250
000000021400
000000128691
000000563477
000000490289
000000566746
000000253656
000000211410
000000238258
000000311771
000000511160
000000314876
000000385222
000000420330
000000502756
000000507946
000000248712
2009_002358
000000572551
000000317527
000000335747
000000081372
000000352758
000000572022
000000515202
000000130432
000000432216
000000392229
000000424404
000000019247
000000395382
000000299618
000000332607
000000464271
000000460673
000000170227
000000313916
000000311497
000000019712
000000425712
000000303484
000000559935
000000366256
000000031084
000000214995
000000495989
000000525075
000000046743
000000561599
000000281008
2010_000426
000000456950
000000264568
000000082683
000000058758
000000557315
000000196611
000000455505
000000558845
000000581913
000000152531
2009_002472
000000292512
000000055922
000000581715
000000483165
000000452638
000000088324
000000388677
000000052270
000000110790
000000401499
000000529745
000000450478
000000226404
000000308806
000000029125
000000267540
000000223540
000000314379
000000232167
000000387048
007503
000000207611
2009_002082
000000479916
000000192806
000000073109
000000368602
000000403910
000000265964
000000047054
000000121633
000000514396
000000388766
000000017962
000000578250
000000426191
000000063320
000000567652
000000047249
000000141158
000000373700
000000440444
000000012884
000000522489
000000092680
000000487992
000000567245
000000083599
000000204137
000000328119
000000334625
2009_001822
000000037326
000000082666
000000519942
000000436127
000000181756
000000510613
2008_003429
000000180569
2011_002396
000000574666
2010_005457
000000062790
000000171109
000000357202
000000073668
000000106490
000000132272
000000300876
000000528915
000000542725
2009_005161
000000228907
000000478257
000000052250
2010_001671
2009_002563
000000201727
000000353306
002947
000000268260
000000068159
000000340841
000000537007
000000387153
000000328054
000000415911
000000289900
000000402795
000000135436
000000095308
000000550023
000000329931
000000505157
000000329568
001237
000000474502
000000166853
004972
000000385903
000000074820
000000564743
000000021801
000000236184
000000183012
000000447592
000000387075
000000483142
000000377450
000000414918
000000362232
000000127967
000000029091
003609
000000288984
000000019836
2010_001421
000000445990
000000577213
000000028069
000000529379
000000478874
2009_002784
000000014990
000000343639
000000501571
000000285505
000000467262
000000172513
000000266961
000000536400
000000419449
000000252604
000000503207
000000007697
000000460045
000000392270
000000558538
005078
000000475804
000000137339
000000431201
000000175804
000000255849
000000010851
000000531541
000000069978
000000112574
000000386179
000000010243
000000119247
000000438349
2010_003800
000000526840
000000053037
000000222782
000000554066
000000058117
000000244825
2008_003415
003690
000000121612
000000203843
000000064155
000000443916
000000375317
000000123622
000000294585
000000316855
000000332270
000000381027
000000068418
000000258141
000000558009
000000175801
000000271759
000000059138
000000283604
000000192090
000000388100
000000115037
000000134738
000000223950
000000160291
2009_002988
000000393080
003169
000000072237
000000423632
005094
000000298172
000000027009
003895
000000333020
2008_007216
000000005644
000000312286
000000477435
000000332684
000000451698
002940
000000317911
000000532355
000000059231
000000089947
000000526312
000000144449
000000427975
000000101675
000000295823
000000163585
004816
000000355344
000000353130
000000000294
000000219590
000000509319
000000574250
000000107097
2009_005095
000000451300
000000263503
000000459374
000000452685
000000140209
000000402396
000000332943
000000011080
003396
000000028239
000000239007
000000027424
000000243283
000000375806
2010_002921
000000391175
000000480322
2008_000148
000000440592
000000485484
000000349044
000000470893
007448
000000106810
000000301781
000000524068
000000507854
000000025376
000000063014
000000011147
000000025230
000000366811
000000181805
000000136170
000000386958
000000048270
009048
000000379498
000000209027
000000564756
000000524962
000000205564
000000493048
000000237060
000000303870
000000387850
2008_007777
000000211108
000000557721
000000138180
000000004138
000000518816
000000521236
000000439658
000000254884
000000111972
000000240915
000000213649
008621
000000354003
000000329373
000000080090
000000341710
000000503183
000000414156
000000194527
000000418944
000000291537
000000096177
000000527829
000000151801
000000415434
2011_001961
000000134290
000000055981
000000486232
000000517321
000000535820
000000495117
2010_003255
000000314812
000000106661
000000488406
000000406708
000000455339
000000437426
000000397292
2010_004971
000000053229
000000239235
000000533686
000000188534
000000536169
000000272603
000000286151
000000387074
000000055665
000000331885
000000269327
000000075326
000581
000000045672
000000323116
000000053952
000000176728
000000252420
000000061076
000000275922
2010_002487
000000215436
000000185848
000000449158
007390
000000245094
2008_006335
000000284012
000000485761
000000365132
000000119263
000000291018
000000389760
000000295472
000000579545
000000158494
000000306353
000000203035
000000253263
000000572233
000000140613
000000362547
000000172680
000000424711
000000366295
000000556551
000000119709
000000244614
2009_004624
000000580051
000000264699
000000568982
000000275409
000000529360
000000390689
000000399006
000000469545
000000058344
000000062038
000000337866
000000407019
000000324203
000000411083
000000272064
000000524401
000000396116
000000180354
000000018542
000000106168
000000193281
000000370380
000000355256
000000463070
000000267885
004051
000000152056
000000545364
2010_000808
000000251798
000000377513
000000564825
000000326312
000000265173
000000350492
000000502800
000000387696
000000459449
000000319781
000000407990
000000578375
000000112235
000000141468
000000226517
002124
003038
000000026026
000000373148
000000210991
000000457797
006153
000000352088
000000179476
000000548878
000000153749
000000067052
000000489407
000000200401
000000368969
000000439576
000000239351
000000244992
000000266825
000000236998
000000336300
000000210189
000000007214
000000202241
000093
000000226270
000000476967
000000052844
000000031106
2010_000085
000000480683
000000159472
000000444037
2008_007250
000000102766
000000485387
000513
000000259044
000000248033
000000410066
2010_004412
000000481821
000000288290
000000284706
000047
000000522947
000000252354
000000044569
000000482808
000000456041
000000430167
000000070444
000000498729
000661
009776
000000360175
000000229020
2010_000264
000000283131
000000549617
008263
2010_004756
000000514440
000000392201
000000456322
000000424303
000000176955
000000179808
000000507148
2010_001694
000000393266
000000034285
000000505728
000000345014
000000355603
000000198506
000000023821
000000009045
000000469279
000000468885
000000368321
000000552272
000000094807
000000318730
000000353407
000000132571
000000460097
000000489613
000000304088
000000489939
000000180013
000000058073
000000431304
000000551427
000000542915
000000575310
000000239190
000000105643
000000568155
000000523637
000000416308
000000169181
000000139817
000000005156
000000134286
000000056455
000000228957
000000104965
000936
2009_000385
000000032954
2009_002001
000000026445
000000490683
000000344802
000000421773
000000489476
000000323498
000000377015
000000461802
000000040071
000000053142
000000275353
000000051089
000000183939
000000463695
000000016631
000000154616
000000174103
000000426303
000000001875
000000345580
000000441313
2008_004899
000370
2008_006434
2009_000120
000000570721
000000005667
000000022194
000000373360
000000204509
000000437947
000000528527
000000334423
000000136559
000000058223
002812
000000337619
000000124876
000000572165
000000421102
000000413349
000000254666
000000436555
000000556568
000000433605
000000083844
000000539404
000000521943
000000435026
000000031161
000000392443
000000381546
000000552267
000000499480
000000488395
000000496620
000000368845
000000039659
000000428605
000000333182
000000383401
000000266727
000000302399
000000446006
000000037198
000000534784
000000073999
000000104393
000000213963
000000262786
000000558678
000000204448
000000274574
000000351968
000000251096
000000084851
000000408239
000000430753
2008_008524
000000177090
000000454916
000000043073
000000163413
000000044045
000000422960
000000233030
000000441488
000000173130
000000297049
000000554067
000000525273
000000542591
000000333090
000000089384
000000390137
000000048604
000000325986
000000436141
000000421969
000000234475
2008_003088
000000072421
000000263327
000000012620
2010_003659
2009_001291
000000094501
000000394814
2008_004284
000000199570
000000209787
000000102872
000000098639
000000379120
000000362714
000000265211
2009_002984
000000348234
000000130733
000000482433
000000254822
000000486968
000000566984
000000436265
000000073434
000000029274
000000490461
000000293763
000000214295
000000134772
000000199177
000000192407
2008_006779
000000196675
000000154794
000000577631
000000147042
000000517445
000000242501
000000334735
000000252711
000000117899
004587
000000490182
000000331670
000000256322
000000380330
000000271117
000000187181
000000001102
000000360205
000000165883
000000453093
000000485406
000000454053
000000145891
000000319795
000000122802
000000097365
000000173448
000000210848
000000197713
000000469721
000000457943
000000283500
000000345648
000000048850
000000192497
000000180014
000000234728
000000101183
000000292428
006131
000000426631
000000495159
000000573932
2008_003788
2010_003680
000000418107
000000576749
000000294990
000000097217
000000171678
000000045468
000000265070
000000416639
000000492715
000000529840
009710
000000529668
2010_004436
000000306791
000000027394
000000404537
000000338403
000000513242
000000393984
000000543090
000000295460
000000451172
000000406616
000000248755
001892
000000091544
000000297844
000000198196
000000562777
000000203472
000000357219
2008_001978
000000041392
000000304866
000000322654
000000514504
000000517226
000000197458
000000472130
000000000925
000000206705
000000364139
2008_004868
000000155739
000000097159
000000418882
000000343571
000000071970
000000426283
000000107157
000000154002
000000513016
000000102906
000000296707
000000553780
2010_000710
000000335532
000000491170
000000421309
000000135525
000000232656
000000538721
000000139944
000000137275
000000457986
000000182634
000000189391
2008_008147
000000178928
000000251630
000000290948
000000539797
000000038257
000000285397
000000034279
000000256569
000000389006
000000228211
000000326092
006965
005434
000000434657
000000147172
000000175671
000000496839
000000135288
2009_003950
2009_001036
000000537232
000000509766
000000221881
000000560367
000000348083
000000576011
000000414122
000000265889
000000495680
000000494780
000000226658
000000022478
000000392180
000000574066
2010_003653
000000508913
000000091387
000000560204
2009_003052
000000439650
000000337448
000000005095
000000030203
000000264016
000000299712
000000254879
000000388075
000000021498
000000317464
000000406375
2011_000220
000000525180
000000551757
2011_000112
000000213009
000000366349
000000345634
000000305464
000000014591
000000217302
000000427180
000000577527
000000101960
000000576608
2010_004546
2009_002133
000000365434
000000157469
000000168833
000000253522
000000445815
000000580104
000372
000000106244
000000018614
000000372723
000000143120
000000528550
000000439326
000000341015
000000204670
000000463338
000000355072
000000329242
2008_005260
000000434786
000000518721
000000282229
000000281976
000000386080
000000508440
000000379980
000000362166
000000308701
000000547797
000000025989
000000151781
000000217487
000000401393
000000285820
000000388974
000000283963
000000167354
000000537371
000000058601
000000061358
000000293148
002978
000000433505
000000220457
000000073016
000000523883
000000294565
000000190495
000000558528
000000076988
000000318906
000000079846
000000366385
000000482128
2009_003411
000000334681
000000297787
000000065889
000000391509
000000249538
000000227382
000000047873
000000116207
000000180662
000000138836
000000230916
000000156776
000000124703
000000435342
000000092344
001887
000000535902
000000420135
000000318585
000000420339
000000141993
000000559006
000000162952
000000240028
000000049069
000000561491
000000242549
000000378588
000000003812
000000394874
000000550702
000000559388
000000240506
000000026260
001739
000000564283
000000410302
000000416912
000000448548
000000247858
000000333302
000000327624
000000002498
000000005883
000000017892
000000034482
000000484689
000000303414
000000415789
000000462283
000000147393
2010_005608
000000549635
000000298473
000000228244
000000231093
000000021475
000000146432
000000397433
000000507951
000000573337
000000421648
000000106154
000000555080
000000111436
000000277048
000000288694
000000321960
000000294084
000000476597
000000341296
000000340654
000000466664
000000543830
000000078671
000000194530
2008_004881
000000572825
000000007325
000000121904
000000112553
000000365298
000000132578
000000006562
000000058553
000000221095
000000076765
000000282336
2008_006055
000000576431
000000242537
000000342381
000000400422
000000535777
000000433854
000000374360
000000047667
000000200494
000000271373
000000238630
000000560683
000000210275
000000064342
000000095417
000000527056
000000317149
000000068235
2009_000704
000000095409
000000127096
000000358580
000000316441
000000357898
000000477192
000000117178
000000439871
000000321373
000000256184
000000054889
000000073293
000000194786
000000469170
000000343452
000000252022
000000052192
000000358465
000000514294
000000548240
000000383087
000000088653
000000156939
000000502126
000000257351
000000360157
000000556497
000000475465
000000231153
000000114141
000000538518
000000448423
000000514674
000000342478
000000478374
000000252340
000000196497
000000133905
2010_003186
000000020481
000000215521
000000336171
000000166998
000000146706
000000529670
000000468932
000000267289
000000536926
000000254129
000000478766
2011_002817
2009_004328
000000505986
000000513692
000000316269
000000117497
000000000136
000000134863
000000412709
000000124236
003814
000000001670
000000355116
000000341054
000000349538
000000484064
000000440646
2010_004628
2009_005000
000000179408
000000182347
000000258155
000000237976
000000271760
000000165945
000000211690
000000107119
000000116466
000000081401
000000209380
000000452479
000000322080
000000057591
000000252000
000000415953
000000071095
000000232612
000000485099
000000535056
000000106351
000000537548
000000107964
000000465049
000000471210
000000321427
000000100006
000000557190
000000576025
000000011774
003147
000000302643
000000381922
000000334364
000000183293
000000211945
000000037403
2009_003375
000000161657
000000069426
000000527375
000000536830
000000127990
000000534559
000000445002
000000354278
000000325532
000000250035
000000090582
000000287846
000000529950
000000040988
000000427348
000000322112
000000482750
000000384718
000000444390
000000560969
000000393896
000000578019
000000473866
000000016414
000000354955
000000139763
000000552824
000000289545
000000080084
000000575633
000000063676
000000091541
000000504502
000000555808
000000449522
000000553813
000000301888
000000315057
000000295103
000000505949
000000336637
000000315314
000000091868
000000081239
000000564681
000000020632
000000124712
000000232679
2009_003032
000000239389
000000461838
000000010130
000000149467
000000303495
000000029449
000000332740
2010_005647
000000299417
000000178526
000000055429
000000335690
000000419604
000000387900
000000238051
000000340612
2009_002717
000000517938
000000232339
008485
000000054868
000000485776
000000529139
000000502953
000000408449
005954
000000142413
2010_005810
2009_000446
000000035864
000000477534
000000053385
000000562791
000000191174
000000517296
000000414873
000000342988
000000384258
000000468203
000000306824
004339
000000203673
000000321014
000000543697
2010_001036
000000295409
000000029892
008823
000000033802
000000381385
000000155364
000000488571
000000551889
000000529126
000000260852
000000185936
000000122551
000000165265
000000305821
000000397893
000000107884
000000066761
2009_002197
000000326849
000000024259
000000136563
000000113839
001622
000000174605
000000074078
004879
000000219170
000000368648
000000322353
000000168843
2010_004143
000000282316
000000369866
000000350063
000000146469
000000427178
000000001737
000000471073
000000209491
000000067002
000000049957
000000246423
000000188343
000000284925
2010_001659
2010_004089
000000173772
000000093853
000000411726
000000105605
000000295753
2008_000470
000000213539
000000256003
000000515210
000000184672
000000144320
000000022275
000000026905
000000132123
000000215298
000000261885
000000027215
000000075101
000000197063
000000399078
000000358965
000000266108
001127
000000456310
000000117321
000000321943
000000384197
000000403425
000000487061
000000084448
000000420052
000000066412
000000314614
000000488295
005884
000000473137
000000367951
2008_000471
2009_003847
000000415958
000000543588
000000491579
000000210693
000000333207
000000308608
000000498436
000000047093
000000144804
2009_002175
000000285961
000000237587
000000219525
000000126434
000000238911
000000249825
000000132104
000000000643
000000515527
2011_002018
000000057750
000000440329
000000476339
2010_001557
000000181179
000000050443
000000525183
000000346445
000000259776
000000000821
2009_002343
2009_000176
000000421499
000000299413
000000355779
000000040910
000000094376
000000143224
000000054706
000000285748
000000521804
000000090137
000000129060
2009_005198
000000517548
000000415093
000000170295
000000392727
000000050757
000000132182
000000282878
000000107054
000000379630
000000011682
000000111737
000000468541
000000401846
000000109092
000000245182
000000219841
2010_000944
000000305412
000000208820
000000150184
001014
000000197369
000000427040
000000096107
000000298721
000000409862
000000093553
2008_006816
000000403278
2009_001102
2010_001602
000000083869
000000464130
000000268617
000000181766
000000423498
000000377183
000000001586
000000089741
2010_004492
000000103114
000000248310
000000147442
000000335132
2009_000045
000000095833
000000307025
000000253675
2010_001552
2008_008533
000000505962
000000485161
000000039357
000000106363
2010_000984
000000521266
000000171717
000000456917
000000581040
000000528643
000000073163
000000477831
000000347055
000000109174
000000532449
000000175871
000000312343
000000301188
004553
000000387256
000000392448
000000042513
000000136265
000000425475
2009_005279
000000447907
000000385517
000000482885
000000270071
000000367100
000000283093
000000445211
000000424225
000000362768
000000203098
000000285388
000000437904
000000220894
000000191456
000000041180
000000551622
000000579337
000000187803
000000019374
000000566274
000000407891
000000249276
000000064736
2008_005123
000000177538
000000553896
000000214349
000000538480
2008_007274
000000387875
000000524834
000000267146
000000134169
000000385438
000000079696
2008_007902
000000050405
000000117789
000000217460
000000399512
000000073729
000000542475
000000095620
000000216789
000000260566
000000407346
000000420146
000000234161
000000327771
000000141524
000000332480
000000440735
2009_000500
000000201839
000000006293
000000215812
000000517410
000000215554
000000060362
000000278161
000000558055
000000102734
000000570205
000000217811
000000038186
000000345535
000000339042
000000579271
000000249822
000000277630
000000508822
000000324894
000000042979
000000208805
000000115928
000000460903
000000003109
000000429708
2008_008496
000000328836
000000243500
000000501299
000000012786
000000313655
000000271066
000000541690
000000482515
000000480807
000000498319
000000503028
000000066516
000000515274
000000346863
000000174211
000000506169
000000043286
000000570390
000000518889
000000286703
000000109136
000000479586
000000545039
000000071726
000000313436
000000482957
000000071011
000000171464
009859
000000535977
000000197561
000000235575
000000537608
000000435902
000000404592
000000176945
000000261981
000000467696
000000331370
000000443427
000000164141
000000059244
000000101552
2008_002631
000000082709
000000415475
000000327110
2008_006778
000000064659
000000046732
000000029342
000000126687
000000141988
000000516540
000000376828
2009_002759
000000521245
000000558671
000000277587
000000443397
000000019694
000000389168
000000537424
000000397427
000000414189
000000044483
000000271522
000000410141
000000380301
2008_000724
000000505754
000000275557
000000296567
000000579303
000000497440
000000049845
000000571498
000000027789
000000408208
000000488707
2008_005761
000000469173
000000491305
003032
000000173245
000000512902
000000422295
000000131280
000000273120
000000543413
000000163326
000000399012
000000040572
000000145476
000000215356
000000250868
000000516249
000000367418
000000004424
2008_007223
000000180787
000000303991
000000257867
000000355622
000000036605
000000451412
000000390292
000000426911
000000191464
000000454181
000000121101
000000150797
009586
000000076753
000000013356
000000484619
000000224692
000000213902
000000089519
2010_000227
000000301747
000000405657
000000506052
000000478351
000000070470
000000448053
000000074099
2008_000562
000000431194
000000509262
2010_000189
000000504747
000000074959
2009_000091
000000235006
000000104403
000000338683
000000542443
000000023542
000000542453
000000460809
000000085236
000000502358
000000541229
000000573533
000000480014
000000367164
000000404338
005236
000000318631
000000111103
000000116361
000000258734
000000039589
000000286936
000000135229
000000204757
000000419767
000000541251
000000545160
000000308120
000000199422
2011_000499
000000471916
000000558181
001152
2010_001070
000000417606
000000403675
007458
000000289075
000000027987
000000139304
000000147492
000000528868
000000347763
000000472088
000000184205
000000472394
000000227549
000000395321
000000261603
000000439689
000000507212
000000216398
000000154245
000000112697
000000498533
000000045463
000000298146
000000469806
000000313787
000000391748
000000503826
000000006572
000000334184
000000350444
000000534855
2008_001987
000000426791
000000381134
000000488250
000000343999
000000310672
000000281917
000000354616
000000489264
000000444418
000000083950
000000111104
000000287953
000000554354
000000358206
000000460872
2009_002836
000000134650
000000223977
000000393145
2009_004953
000000454222
000000286794
000000396421
000000351608
000000415723
000000064751
000000053911
000000486457
000000352233
000000341350
000000085213
000000208882
000000426355
000000524168
000000282048
000000206469
000000223127
000000049006
000000551941
000000565303
000000347697
2009_002192
000000172012
000000143528
2008_005738
000000041305
000000257058
000000308783
000000204661
000000572180
000000191717
000000072429
2008_006553
000000311744
000000572441
000000025452
000000333654
000000054011
000000163962
000000576946
000000489745
000000336668
000000508568
2010_004306
000000513417
000000189015
000000538126
000000182645
000000108049
001192
000000244909
000000294549
000000172886
000000146936
2008_005519
000000285200
000000145189
000000205202
000000014537
000000357303
000000572811
000000031113
000000360181
000000459078
000000177088
000000386377
000000035827
000000066327
000000258440
000000390923
000000364487
000000498061
000000481828
000000525944
000000373577
000000271177
000000580408
000000092835
000000103865
000000138025
000000178053
2010_002378
000000363119
2011_000060
000000350668
000000161812
000000207481
000000213795
003808
2010_001277
000000067015
000000439346
000000486839
000000279457
000000338146
000000056753
000000190515
000000302332
000000415201
000000452334
000000565947
000000231538
000000077854
000000140787
000000495039
000000306440
000000223030
000000369279
000000168832
000000249275
000000091337
000000071361
000000028589
000000294778
000000349322
000000152488
000000472109
000000149357
2008_007805
000000147049
000000422212
000000233841
000000180964
000000121328
000000570857
000000412806
000000401392
000000225363
000000026348
000000205304
000000345137
000000396528
000000534735
000000547675
000000269580
2008_002404
000000222206
000000050942
000000323646
000000537844
000000522032
000000414828
000000272706
000000113716
000000384673
000000332027
000000480773
000000517973
000000191616
000000464652
000000137045
000000184224
000000407915
000000028646
000000555237
000000295053
000000571797
000000469667
000000027937
000000252943
000000270639
000000370391
000000289852
000000507249
000000564098
000000129313
000000295282
000000557855
000000487482
000000407259
000000117441
000000469199
000000098987
000000427306
000000209494
000000436468
000000293133
000000307547
000000307316
000000206893
000000069350
000000249470
000000073302
000000085211
000000467447
000000368927
000000002963
000000036726
000000103512
000000032711
000000442224
000000348639
000000191249
000000568687
000000270603
000000351890
000000188509
000000483139
004057
000000352041
000000330993
000000398758
000000472795
000000186550
000000189027
000000454622
005485
000000460812
000000496401
000000476054
000000257379
000000307731
000000491408
000000238007
000000107831
000000159723
000000554749
000000493805
000000063414
000000068763
000000549563
000000174794
000000088084
000000042366
000000190595
000000399878
000000344051
000000479670
000000369128
000000318937
000000109863
000000067155
000000172094
000000172121
000000127214
000000122839
000000043451
000000011276
000000248133
000000025528
000000363947
000000283448
000000234470
000000407038
000000065443
000000526394
000000177323
000000371758
000000418440
000000279603
009351
000000294466
000000562147
000000060873
000000347727
000000069536
000000225352
000000541421
000000519433
000000504907
000000354932
000000387567
000000192835
000000257712
000000187543
000000229000
000000082480
000000136920
000000280377
000000470190
000000084157
000000133622
000000154382
000000061672
000000555230
000000197300
000000268715
000000341845
000000454103
000000524651
000000540496
000000254600
000000496763
2008_001464
000000000965
000000166335
000000437494
000000086875
000000147108
000000031482
000000126524
000000504304
000000447941
000000446034
001312
000000063486
000000124101
000000011360
000000316298
000000325310
000000151353
000000250597
000000477542
000000097882
006128
000000151830
000000387769
000000240545
000000258554
000000218114
000000460235
000000023575
000000454642
000000392391
000000134948
000000094518
000000554561
000000235233
000000061564
000000236897
000000164081
000000549394
2010_004227
000000422161
000000488368
000000395550
000000339089
001333
000000288472
000000025609
000000415429
2010_001950
000000329239
000000473952
000000464935
000000380299
000000305135
000000502433
000000233004
000000226211
000000086248
000000526030
000000574775
2010_004478
000000521327
000000386796
000000407596
000000578225
000000287320
000000275332
000000000459
000000445404
000000048530
000000403786
000000202906
000000555120
000000515710
000000256921
000000311385
000000035951
000000481365
000000100553
000000190234
000000375483
000000426839
000000165522
000000050411
2011_000238
000000196776
000000055049
000000217822
000000146878
000000308507
000000226020
000000130812
000000073864
000000088401
000000213506
000000355620
000000400792
000000494330
000000345462
2008_004812
000000221891
000000428460
000000498657
000000225402
000000580374
000000161010
000000149739
008503
008208
000000038891
000000229630
000000058714
000000368576
000000576944
000000085549
000000514598
000000361572
000000198176
000000517454
000000236335
2011_001335
000000271930
000000273358
000000318185
000000256400
2008_008598
000000285074
000000177524
000000157045
000000564371
000000434214
000000368218
000000427150
000000128907
000000544408
000000556901
000000535393
000000069874
000000102174
000000213069
000000231768
000000562335
000000457334
000000275035
000000013769
000000316477
000000000540
000000233690
000000400408
000000398746
000000357117
000000177262
000000153871
000000158700
000000314729
000000067956
000000431009
000000135258
000000359262
000000482432
000000266920
000000110460
000000469287
000000158647
000000028595
000000327042
000000291597
000000525163
000000445305
2011_001044
000000128553
000000218589
000000109008
000000093382
000000456315
000000230670
000000139930
2011_002868
000000198724
2011_001708
000000222453
000000530904
000000456035
000000168472
000000385150
000000016216
000000180020
000000538957
000000058448
000000116352
000000535457
000000492137
000000145280
000000244442
000000315393
000000212525
000000564958
000000358617
000000374451
000000076816
2010_005791
000000092694
000000091025
000000369681
000000348723
000000252525
000000339734
000000121884
000000575254
009958
000000219385
000000431738
000000455333
000000564627
000000068751
2008_005235
000000422918
000000459644
000000234040
2009_002202
000000255248
000000130492
008297
000000204060
000000391821
007130
000000558291
000000580142
002458
004351
000000331326
000000173631
000000135694
006570
000000469913
000000464585
000612
007570
000000257575
000000332025
000000001360
000000208371
000000405962
000000381116
000000495814
000000038238
000000323765
000000173887
000000462404
000000492399
000000137963
000000142229
000000006233
000000141941
000000024239
000000102029
000000340305
000000521593
2009_000461
000000068130
000000430159
000000082091
000000301870
000000074032
000000069197
000000573973
000000308170
000000474953
000000407779
000000339844
000000365284
2008_000916
000000198164
000000505418
000000297876
000000320428
000000125069
000000049190
000000148969
2010_005120
000000229024
000000167645
000000062716
009848
000000191609
000000446533
000000179480
000000369201
000000363549
000000031912
000000204556
000000518392
000000460145
2010_002577
000000527497
000000431432
000000004410
000000116717
000000068194
005680
000000201844
2010_000524
000000232931
000000236630
000000459110
000000519203
000000421791
000000206676
2010_004256
000000018294
000000558615
000000096183
000000050177
000000254396
000000313980
000000208995
000000006842
000000523081
2009_003938
000000307968
000000389634
000000359707
000000480939
000000350898
000000288884
000000463599
000000532669
000000053870
000000034114
000000545874
000000229385
000000215255
000000116562
000000138456
008316
000000023176
000000544127
000000089202
000000428576
000000025812
000000122163
000000245598
000000298762
000000140691
000000012999
000000161451
000000343993
000000074150
000000105691
000000146215
000000325021
000000054245
000000089999
000000137094
000000283956
000000410808
000000445522
000000069837
2008_001171
000000551169
000000056616
000000109182
2008_005233
000000311065
000000028287
000000465058
000000092020
000000240287
000000543740
000000532286
000000329384
000000068401
000000055413
000000169228
000000040246
000000045582
000000194909
000000066427
000000384323
000000410236
000000457383
000000007615
000000400216
000000535403
000000490385
000000564088
000000422636
000000545944
000000001777
000000009429
000000076246
000000318763
000000250684
000000188692
000000550481
000000049346
000000546832
000000221379
000000489542
000000469014
000000103098
000000170695
2009_003082
000000464178
000000391652
2008_006488
000000379464
000000418620
2008_006926
000000194346
000000190013
000000308175
000000171012
000000110797
2008_005735
002362
000000489850
000000524518
000000533384
000000103589
000000036053
000000004916
000000061852
000000225539
000000189996
000000393638
000000503535
000000073280
000000538163
000000178874
000000417430
000000223094
000000424327
000000012495
000000543272
000000174603
000000515301
000000038645
000000242291
000000343403
000000226119
2010_002143
000000574804
000000178748
000000437169
000000461477
000000300918
004013
000000109848
000000461286
000000032646
000000215303
000000027544
000000334736
000000429048
000000173968
000000136117
2009_000022
000000302740
000000137256
000000279550
000000099966
000000463303
2011_000309
000000368629
2009_002391
000000135680
000000309695
000000337354
000000353893
000000514902
000000331790
000000132689
000000134077
000000579136
000000285743
000000029023
000000451647
000000094884
000000467604
000000493576
000000279071
007144
000000422623
000000191570
000000537293
000000188587
000000212824
000000337883
000000044627
000000521169
000000516193
000000239654
000000553176
000000139009
000000399532
000000452814
000000349204
2011_002421
2009_004382
000000250569
000000580344
000000110435
000000550324
000000504970
000000127441
000000038017
000000531735
000000196280
000000190097
2009_004653
000000460833
000000428407
000000030820
000000369546
000000151101
000000151669
000000024560
000000124243
2008_000641
000000267416
000000144224
000000083875
000000461820
000000417814
000000525443
000000492914
000000402563
000000214705
000000548223
000000232401
000000269394
000000506534
000000012614
000000289120
000000384745
000000341048
000000189583
000868
000000529017
000000486491
000000369144
000000030356
000000113282
000000246494
000000542611
000000176617
000000536609
2010_002254
000000289344
000000030983
000000323291
000000515893
000000409119
2010_003815
000000162902
000000450111
000000390593
000000547079
000000548905
000000536782
000000261787
000000537761
000000005435
000000370448
000000038266
2009_002626
000000044739
000000475621
000000241728
000000088176
000000290224
000000073824
000000401425
2010_002213
000000554943
000000270749
000000517958
000000299103
000000498721
000000096492
000000160325
000000208067
2009_000280
000000264396
000000293587
000000206377
007547
000000569543
000000229949
000000516455
000000027570
000000533808
000000174496
000000461996
2008_000185
000000143797
000000096497
000000433013
000000526734
000000496373
2010_003608
000000027660
000000520204
000000121618
000000073172
000000382012
000000135914
000000102862
000000029253
000000002521
000000171585
000000050883
000000305635
000000233575
000000188175
000000225337
000000423921
000000438978
000000138207
000000096573
000000154589
000000478778
000000353511
000000357799
000000118534
000000484884
000000552244
000000328391
000000244122
000000144053
2008_001278
000000295074
000000461475
000000254479
000000130732
000000361901
000000332007
000000082431
000000141770
000000069826
000000222430
000000464237
000000556089
000000379667
000000452782
000000565296
000000098642
000000538805
000000457822
000000365139
000000139306
000000518968
000000305156
000000171695
000000183080
000000487349
2011_001375
2011_002107
000000485064
000000564515
000000260800
000000004731
000000093025
2009_003022
000000167741
000000122947
000000360147
000000546130
000000318245
000000040100
000000360179
000000465591
000000266809
000000009236
000000330513
000000486008
000000275197
000000200272
000000079657
000000293468
000000173680
000000155754
2008_002411
000000029287
2008_003140
000000110324
000000343256
000000043657
000000360066
2010_002896
000000070735
2008_008428
000000554036
000000026552
000000580406
000000545670
000000306619
000000409512
2010_000815
000000486018
000000011138
000000179968
000000233948
000000481652
000000426038
000000046085
000000278323
000000562745
000000241148
2008_005283
000000112737
000000089557
000000563935
000000133496
000000108557
000000010986
000000315441
000000014244
2010_003811
000000420861
000000250599
000000159013
001010
000000112106
000000083672
000000568115
000000531018
000000239676
000000059110
2008_004833
000000115158
000000407948
000000427561
000000274665
000000049719
000000357684
000000523154
000000086839
000000485129
000000222395
000000026132
000000569582
2009_004812
2009_005084
000000521995
000000240800
000000292112
2008_003802
000000387463
000000379508
000000565365
000000176342
000000200133
000000197167
2010_003051
000000030353
000000111746
000000068414
000000304905
000000441461
000000287495
000000258890
000000228042
000000178299
000000265980
000000145391
000000248622
000000468302
000000033413
000000038276
000000511781
000000331196
000000474330
000000105547
000000134075
000000122109
000000099788
000000496766
000000225847
000000273606
000000112865
000000481796
000000526608
000000484281
000000205744
000000027270
000000531092
2008_007305
000000332463
000000142587
000000307359
000000461595
000000425010
000000532445
000000401403
004376
2008_005247
000000212058
000000045859
000000114917
000000177572
000000280955
000000172036
000000404350
000000553366
2009_004972
000000514528
000000318497
000000104661
000000029019
000000476298
000000362123
2010_002741
000000449403
000000274341
005742
000000135023
000000324706
000000377423
000000511915
000000552876
003924
000000559234
000000433928
000000398863
000000423860
000000088538
000000117191
000000418536
000000255069
000000213070
000000214290
007767
000000398290
000000251219
000000009668
000000069928
000000534662
000000156171
000000305282
000000150686
000000485259
000000232781
000000391696
000000154443
000000516880
000000075637
000000300244
2008_004827
000000324831
000000445814
000000372788
000000274736
000000358678
000000406250
000000201664
000000343498
000000435937
000000256309
000000103236
000000550410
000000305626
000000306664
000000014103
000000493329
000000419468
000000523400
000000352515
000000051310
000000525666
000000296540
000000301581
000000420544
000000284860
000000381199
000000106113
000000534791
000000139258
000000051429
000000227442
000000505933
000000159972
000000353320
000000289693
000000175281
000000244235
000000559145
000000160214
000000381334
000000347849
000000139436
000000067593
000000102655
000000574725
000000574299
000000539938
000000227918
000000554207
000000138846
000000336027
000000190900
000000250054
000000026907
000000180817
000000421544
2010_002526
000000224080
000000168246
000000106637
000000095292
000000218762
000000320661
000000056676
009954
000000211381
2009_004283
000000255568
000000408249
000000315986
000000484201
000000240243
000000442443
000000314069
000000528880
000000017761
000000346898
000000078923
000000309797
000000257029
000000090237
000000242631
000000156955
000000109125
000000094667
000000344126
000000273633
000000267504
000000251466
000000338826
000000207734
000000545428
000000288310
000000492040
000000357057
000000153620
000000363527
000000409767
000000570643
000000124829
000000249809
000000262851
000000563951
000000424408
000000159537
000000163594
000000580161
000000271992
000000441840
000000352985
000000049460
000000081571
000000181769
000000244585
000000216524
000000533003
000000228934
000000070829
000000440527
000000162646
000000175353
000000437685
000000580698
000000046919
000000325891
000000108758
008683
000000411603
000000060340
000000442301
000000565258
000000041713
000000334892
2010_000675
000000380900
2010_001206
2008_002033
000000246535
000000100563
000000178865
000000576098
000000472617
000000266240
000000183836
000000484982
000000487009
2008_001850
000000103863
000000146171
000000155746
000000017203
000000199131
000000531111
000000235536
000000347467
000000333595
2010_003153
000000200464
000000570581
2008_005166
000000339547
000000084128
000000288983
2008_004214
000000312652
000000240804
000000428390
2009_001354
000000111244
000000447065
000000050407
000000461434
000000507952
000000229507
000000091454
000000549954
000000202805
000000425000
000000054344
000000314526
000000369610
000000216954
000000103856
000000350421
000000313737
000000165547
000000119547
000000353366
000000307438
2008_003147
000000169984
000000345194
000000575719
2009_001427
000000528938
000000065859
000000250424
000000565198
000000189893
000000129599
000000062204
000000286247
000000382310
2009_003233
000000200335
000000010817
000000398053
003429
000000556653
000000217201
000000515719
000000113408
000000486114
000000396997
000000467146
000000442672
000000554688
000000452789
000000514546
000000412657
000000178980
000000336802
000000340179
000000498938
000000050753
000000308952
000000187714
000000288270
000000264805
000000276766
000000555898
2008_005664
000000209128
000000328101
000000422677
000000497042
000000543684
000000513389
2010_003507
000000443074
000000198856
000000099341
000000427366
000000111319
000000207225
000000563658
000000130997
000000108071
000000404684
000000137678
000000283858
002042
000000309338
000000085036
000000044437
000000349552
000000116182
000000565479
000000550690
000125
000000531000
000000102634
000000523002
000000450391
2011_003187
000000507889
2008_003712
000000188544
000000483545
000000470549
000000249623
000000271588
000000472472
000000350794
000000183197
000000373476
000000094012
000000099293
000000184828
000000158514
000000530001
000000420181
000000349393
000000124991
2010_005264
000000477150
000000190043
000000473774
000000472181
000000305231
000000335441
000000121666
000000294491
000000354557
000000077092
000000036447
000000416325
000000379586
000000444583
2010_005637
000000277401
2010_003086
000000563929
000000581900
000000179242
000000286753
000000324334
000000230345
000000321601
000000478356
000000478532
000000193251
000000185700
000000335610
000000005669
000000497028
2009_004834
000000382103
006252
000000173375
000000263211
2010_001692
000000394879
000000476939
000000078359
000000495536
000000529529
000000348314
000000506377
000000466981
000000183392
000000032301
000000182969
000000566188
000000380115
000000386239
000000097363
000000253578
000000305423
000000320667
000000267042
000000568846
000000577712
000000099159
000000351364
000000255226
000000363652
000000071727
2011_000343
000000436936
000000518551
000000223114
000000580431
000000008005
000000057764
000000301998
000000377589
000000493994
2008_008446
000000381789
000000025115
000000253528
000000410096
000000174526
000000531739
000000318032
000000025644
000000466352
000000253441
000000355194
000760
000000299723
000000463589
000000287360
000000483043
000000063525
000000137475
2011_000412
000000159823
000000301764
000000114515
000000179520
000000351239
000000402559
000000474405
000000513440
000000574942
000000029575
000000282354
000000328588
000000010867
000000208000
000000489520
000000439596
000000209989
000000326369
000000487906
000000095516
000000482974
000000240241
000000078243
000000518548
000000288592
000000214563
000000327159
2009_001227
003788
000000155355
000000528119
000000129117
000000173550
000000330439
000000072753
000000560613
000000262933
007101
000000529107
000000216457
000000344832
000000214800
000000212685
000000082150
000000545898
000000361119
007491
000000277069
000000193465
000000310227
000000515660
000000192457
000000147422
000000502517
000000298540
000000149767
002120
000000130120
000000172255
000000359678
000000322769
000000321517
000000564095
000000063270
000000228506
2008_002826
000000220367
2008_003270
000000118730
000000444672
2008_006500
000000339453
000000453321
000000387603
2011_001320
000000283715
000000021469
000000223734
000000102620
000000234642
000000490012
000000296859
009138
2011_001618
000000543805
000000452327
000000559067
000000443875
000000202465
000000063521
000000256190
000000002567
000000501388
000000214704
000000284772
000000204526
000000449712
000000534018
000000546765
000000108088
2010_002041
000000424155
000000522225
000000331549
000000501846
000000212934
000000516088
000000442565
000000320089
000000070477
000000344488
000000169656
000000088155
000000221746
000000091942
000000426920
000000359097
000000273859
000000013916
000000434305
000000404302
2011_001086
000000515300
000000012147
000000298475
000000259434
000000554176
000000279154
000000326824
000000334868
000000183348
000000214845
000000016523
000000284641
000000568879
000000215972
000000480755
000000290262
000000347300
2009_000848
000000293674
2008_004687
000000184994
000000430788
000000555023
002559
000000230265
000000324135
000000477005
000306
2011_000511
000000513659
000000547387
000000127558
000000020070
000000505371
000000539259
000000267176
000000300864
2011_001530
000000178193
2008_004579
000000162346
000000035899
000000267350
000000148205
000000205720
000000471558
000000348370
000000554154
000000111014
000000437540
000000368490
005318
2008_005057
000000098290
000000293254
000000281207
000000258555
000000242104
000000374248
000000395198
000000384573
2009_003951
000000478227
000000543480
000000273470
000000226278
000000052219
000000437774
000000253915
000000209923
000000505595
000000507744
2008_001992
000000336489
000000546021
000000176403
000000193271
000000453159
009375
000000490714
000000277697
000000250001
000000239894
000000374723
000000141265
000000273371
000000091858
000000202118
2011_002134
000000103401
000000527112
000000317325
000000481239
000000021905
2011_002100
000000198992
000000046329
000000231610
000000511988
000000400568
000000405499
000000238498
2010_001433
000000419120
000000543263
000000552075
000000067443
000000521643
000000109061
000000375529
000000380557
000000267988
2010_001560
000000381122
000000424668
2011_001479
2010_001505
000000237886
000000376941
000000009091
000000444107
009202
000000578308
000000518948
2008_006671
000000455856
2010_004063
000000178962
000000265748
000000264618
000000132533
000000437832
000000314904
000000278661
000000539247
000000300147
000000439801
000000524645
000000342662
000000071159
2008_005061
000000355124
2009_003713
000000328161
000000308536
000000526257
000000440313
000000391656
000000570738
000000423576
000000322870
000000134339
000000482545
000000260292
2008_000793
000000054492
000000099874
000000053091
000000086584
000000380983
000000051181
000000386165
000000551341
000000237568
000000122871
2008_003892
000000575257
2010_004868
000000461030
000000436793
000000480820
000000462185
000000338288
000000037244
000000214106
000000429759
000000060158
2009_003707
000000259342
000000312760
000000291947
000000155735
000000295017
000000516596
000000239881
2010_002220
000000532714
000000068912
000000553126
000000268213
000000183292
000000341006
000000440302
008927
000000421840
000000448537
002523
000000572865
000000519405
000000311471
000000417074
000000561448
000000431923
000000549276
2011_002460
000000286171
000000490475
000000164440
000000094926
000000358302
000000311092
000000420589
000000459801
000000001822
000000024894
000000146149
000000211221
000000039138
000000225987
000000422725
000000365575
000000578009
000000328203
000000079906
000000552973
000000104930
000000404612
000000220770
000000460339
2009_002009
000000139281
000000019308
000000214024
000000019238
000000436564
000000375916
000000303586
000000036614
2008_007632
000000133827
000000192111
000000200365
000000001580
000000108201
2008_000824
2009_003445
000000117095
000000260430
000000438095
000000425155
000000406557
2009_001682
000000413432
2010_001630
000000245135
004691
000000293822
000000256983
000000467113
000000466763
000000514089
000000397269
000000428214
000000275741
000000309386
000000529963
000000241345
2008_005915
000000267388
000000495311
000000350619
000000039758
000000489944
000000033536
000000451407
000000360396
000000130357
000000213364
006447
000000216116
000000153542
000000178971
000000086435
000000377467
000000305986
000000376572
000000103042
000000141946
000000558700
000000113082
000000394008
000000537090
000000252132
000000175212
000000075415
000000293027
2009_003637
000000230702
000000417577
000000502752
000000043305
000000461428
007465
000000460149
000000106755
000000057359
000000064760
000000151840
000000255375
000000059648
000000275412
000000436023
000000304252
000000178198
000000532985
000000048759
000000518914
000000378670
000000217495
000000310546
000000447913
000000568308
000000235429
000000182736
000000028802
2008_006733
000000291784
000000233381
000000143107
000000386467
000000117759
000000316075
000000523947
2011_000436
000000052637
000000123535
000000511571
000000504617
000000373078
000000020769
2010_004542
000000573248
000000453948
000000343215
000000496693
000000168488
000000052324
009587
000000385877
000000298596
000000314356
000000133145
000000336910
000000140865
005358
000000352111
000000100583
2009_000417
000000305441
000000385378
000000427350
000000245946
000000419145
000000398494
000000455672
000000058737
2009_005229
000000471932
000000015569
000000380920
000000307209
002635
2010_001987
000000563615
000000575209
000000062297
2009_001664
000000510430
000000395318
000000065244
000000412440
000000363464
000000300011
000000209493
000000276527
000000083761
000000059817
002234
000000047467
000000043774
000000552974
2010_004225
000000014175
000000400948
000000514280
000000344928
000000428191
000000204345
000000346521
000000093893
000000290420
000000182775
000000299738
000000165141
000000334803
000000571696
000000130807
000000008734
000000214252
000000227204
000000313647
000000109291
000000400953
000000301114
000000310748
000000062200
000000135412
000000137798
000000429980
000000575305
000000447278
000000131617
000000028327
000000009174
000000093331
000000327820
000000000328
000000520979
2011_000521
000000561629
000000376123
000000351351
009408
000000189257
000000557783
000000490411
000000262519
000000056938
000000493209
000000050636
000000070434
000000208844
000000194755
000000392957
000000228681
000000252857
000000514628
000000385971
2010_004064
000000428125
000000279129
2010_000097
000000350204
000000108859
000000525559
000000414047
000000018157
000000423872
000000298327
000000043917
000000184667
000000533998
2011_002908
000000141800
000000549017
000000397787
000000063754
000000083476
000000576247
2011_003213
000000517623
000000233677
000000338488
2009_000557
000000198429
000000226151
000000569442
2010_001344
006230
000000364491
000000500896
000000312662
000000425836
000000103297
000000157350
000000411007
000000529283
000000123127
000000525297
000000266298
000000271780
000000336735
000000164234
000000508870
000000301684
2011_002137
000000145824
000000229525
000000399138
000000234000
000000132883
000000030303
000000406534
000000549135
000000365855
000000184613
000000167792
000000340898
000000446223
000000449384
000000396194
000000258364
000000043876
000000485123
000000466024
000000534702
000000139526
000000453377
000000509948
000000118736
000000420442
000000258135
000000310472
000000194288
000000129843
000000542165
000000209558
000000384114
000000436168
000000441674
000000304833
000000133229
000000008602
000000109477
2009_002697
000000486187
000000297765
000000027285
000000412101
000000130053
000000292818
000000401167
000000292482
000000580392
000000294698
000000070566
000000349928
000000322472
000000512995
000000356147
000000561199
000000543947
000000297559
000000329989
000000170235
000000382780
000000294416
000000149233
2010_003176
000000203054
000000189542
000000065047
000000412855
000000256713
2009_003799
008799
002496
2008_006036
000000530962
000000338478
000000311895
000000055627
000000021746
000000095050
000000268251
000000460901
000000373722
001690
000000152764
000000514982
000000238717
000000412966
000000361830
000000291894
000000263323
000000162189
000000438864
000000160586
000000458199
000000417793
000000057697
000000183204
000000342459
000000086556
000000428208
2008_008053
000000159924
000000398535
2011_002636
000000032231
000000279203
000000579952
000000147838
000000076962
000000274931
000000363908
000000201859
000000159135
000000129886
000000224108
000000483432
004636
000000400576
000000181980
000000348838
000000328373
000000358970
000000354126
000000281394
000000466784
000000302924
000000325505
000000250164
000000410152
2009_004709
000000498160
000000070945
000000245733
000000276849
000000095320
000000416267
000000504425
000000043997
000000500473
000000373758
000000403398
000000557507
000000071502
000000157133
2011_001950
000000440534
000000350340
000000412455
000000565971
009227
000000456730
000000507830
000000499305
2009_001061
000000508749
000000163234
000000371106
000000413287
2009_001094
000000375180
000000059229
000000431178
000000431569
000000554980
000000086530
000000531406
000000427789
000000430688
000000118480
000000461815
000000141879
000000274496
000000110442
000000293382
000000498665
000000076846
000000492351
000000300537
000000174129
000000438922
000000421875
000000141710
000000483033
000000575395
000000214454
000000282987
000000525432
000000451279
000000400443
000000562045
000000416930
000000576855
000000560909
000000455073
000000487198
000000473516
000000491302
000000075427
000000444432
000000067572
000000480977
000000480630
000000378183
000000530384
000000457460
000000082729
000000411027
000000125432
000000203614
2010_000462
000000462501
000000556800
000000243775
000000258023
000000252787
000000415499
000000249453
000000460094
000000062048
2009_002798
000000309573
2010_003761
000000207763
000000075698
000000574590
000000531552
000000056262
000000479094
000000139394
000000065209
000000279159
000000284233
000000072792
000000193488
000000158466
000000489369
000000472643
000000409194
000000213132
000000098892
000000087115
000000249529
009905
000000359436
000000534468
000000130921
000000104309
000000433420
000000331350
000000049878
000000080385
000000062226
000000332913
000000176263
000000002496
000000093565
000000172727
000000084996
000000454514
000000117563
000000207366
000000561761
000000563697
000000365309
000000402945
000000302512
000000011638
000000494434
000000333102
000000355081
000000420650
000000503051
000000150480
000000508931
000000439141
000000494895
000000104211
000000062399
000000536950
000000534687
000000170327
000000036732
000000529345
000000485902
000000128334
000000134935
000000081199
000000018473
000000063571
004315
000000403489
000000202843
000000160774
000000150049
000000521334
2009_004457
000000327149
000000330053
000000579294
000000367706
000000423875
000000360101
000000562999
000000385684
000000073467
000000507384
000000329126
000000398505
000000059388
000000096828
000000036908
000000341399
000000536504
000000524196
000000264722
000000057794
000000521256
000000243120
003184
000000197407
000000344924
000000287027
000000167559
000000188044
000000273053
000000439907
000000303744
2010_002030
000000084174
000000280226
000000145573
000000504216
004850
000000241373
000000547645
000000044385
2009_002887
000000377716
000000356253
000000405604
2010_000342
000000055517
000000512088
2008_007586
000000548010
000000178798
000000158806
000000081707
2008_005096
000000400430
000000512788
000000210794
000000310289
000000197690
000000073235
2011_000514
000000407992
000000482984
000000362658
000000273469
000000159061
000000431023
000000009556
000000176506
000000553719
000000537596
000000151848
004954
000000496552
000000042779
000000190872
000000317764
000000246032
000000346890
000000418984
000000468243
2008_005485
000000285013
000000469795
000000370678
000000563046
000000200315
000000312390
000000114061
000000398157
000000321389
000000153697
000000382287
000000219434
000000044432
000000556643
000000085353
000000170147
2008_004610
000000021671
000000388453
000000053236
000000092109
003645
000000541702
000000025872
000000222564
000000394415
000000146334
000000506569
000000083142
000000237054
006501
000000135989
000000043506
000000333656
000000029224
000000172271
000000571554
000000059146
000000505265
000000280424
000000559463
000000243160
000000561785
000000580591
000000382643
000000541712
000000362340
000000032522
000000528657
000770
000000450889
2008_005331
000000538580
000000573931
2009_003534
000000106172
000000580507
000000319991
000000313538
000000502001
000000550739
000000431241
000000315174
000000475316
000000032458
000000574760
000000571808
000000484331
000000573052
009668
000000203201
000000022270
000000317896
000000496195
000000375878
000000195306
000000080749
000000387562
000000267794
000000285651
000000497160
000000308522
000000534686
000000363038
000000185686
000000097032
000000551358
000000179906
000000355418
000000460575
000000275413
000000543719
000000306127
000000500984
000000207110
000000232047
000000277432
000000256603
000000448613
000000435492
000000291438
000000405800
000000461705
000000214450
000000379086
000000119002
000000225191
000000503170
000000293448
000000035018
2011_000307
000000057006
000000567018
000000269160
000000492466
000000031597
000000510304
000000051720
000000292365
000000179186
000000566690
000000257448
000000166076
000000348865
000000143277
000000458724
000000560459
000000416818
000000490940
000000410109
000000226959
000000506942
000000505242
000000421865
000000412184
000000487225
000000320707
000000315743
2009_000958
000000138453
2008_006425
000000547293
2010_003860
000000425243
2011_000243
000000247660
000000471394
2009_002228
000000400606
000000180853
2009_004319
000000066944
000000348157
000000233873
2011_000831
000000083352
000000055443
000000245367
000000366733
000000396084
000000308722
000000402425
000000053022
000000155126
000000285302
000000034378
000000072715
000000257165
000000418391
000000233005
000000090258
000000004711
000000407520
000000139083
000000578525
000000128667
000000081042
005223
000000082662
000000355270
000000247034
000000505649
000000240137
000000530002
000000269090
000000498015
000000565518
000000194247
000000179240
000000458204
000000114540
000000046169
000000280808
000000147369
000000506910
000000304220
000000325423
000000294716
000000571779
000000440827
000000231253
000000547941
000000516791
000000017856
2010_005715
2009_003528
000000191156
000000256278
000000418134
000000144062
000000423842
000000256743
000000461722
000000101401
000000409708
000000027224
000000446345
000000280847
003658
000000137634
000000575901
000000038314
000000342318
000000014128
000000294229
000000116358
2011_003089
000000057481
000000481099
000000265550
000000232902
000000157948
000000272480
000000429606
000000377964
000000418270
000000188537
000000440724
000000090216
000000252411
000000030290
000000151558
000000573869
000000541627
2008_007236
002129
000000091928
000000157029
000000414877
000000331844
2010_003506
000000263041
2008_001436
000000234794
000000479149
000000408808
000000465457
000000517685
000000035105
2010_002750
000000340903
000000375741
000000031375
