2008_006570
000000438496
002609
000000337233
000000309294
000000027862
000000214391
000000180713
000000131915
000000136077
000000417373
000000273450
000000532164
000000452179
000000376029
000000441614
000000528299
000000570259
000000137635
000000175188
000000464871
000000481214
000000074001
000000238688
000000268433
2010_004064
000000569325
000000118343
000000137847
000000451482
000000297906
2009_004552
000000170340
000000480893
000000258834
000000066046
000000187349
000000475578
000000351747
000000312233
000000577096
000000492882
000000002619
000000153677
000000204806
000000576776
000000055627
000000003804
000000254004
000000208506
000000047953
000000030198
000000018316
000000228953
000000279129
000000147398
000000169166
000000353817
000000362568
000000208730
2008_006987
000000417195
000000102620
000000386718
000000476706
2010_005637
000000493652
000000158818
000000580408
2010_000018
000000452516
000072
000000122527
000000028802
000000068812
000000057339
000000517160
000000113142
000000080771
000000548164
000000374486
000000094807
000000045455
000000058640
000000140581
000000258753
000000280687
000000318310
000000382695
2010_005192
000000287418
000000530650
000000332316
000000053037
000000065358
000000442785
000000272101
000000574755
000000278771
000000001599
000000192320
000000544001
000000431566
000000542611
000000056646
000000424044
000000248831
000000371289
000000043773
000000393553
000000505666
000000544408
000000511869
000000508167
000000223146
000000252915
000000555456
000000357057
000000476709
000000048432
000000110857
000000131913
000000145952
000000010476
002483
000000148240
000000532633
000000518899
000000196665
009401
000000172006
000000549617
000000261364
000000009060
000000321516
000000411773
000000235699
000000022427
000000578375
000000563301
003874
000000019428
000000262353
2008_004646
000000352553
000000558798
000000035230
000000227781
000000205887
000000302513
000000248133
000000260167
2011_002730
000000117060
000000075326
2009_003847
000000544307
000000056922
000000458778
000000107234
000000239575
000000107516
000000427103
000000094132
000000056632
000000559145
000000334041
000000486244
000000218554
000000523357
000000304748
000000365289
000000216757
000000423036
000000338375
000000182903
000000336569
000000269903
000000071718
000000395766
000000185072
000000106484
000000130492
000000229525
000061
000000322848
000000574000
000000358965
000000006973
000000483923
000000388615
000000140244
000000432488
000000014781
000000235187
000000336182
2009_002011
000000563615
000000150378
000000573875
000000052774
000000047367
000000421346
000000238498
000000581227
000000505713
000000341402
000000124102
000000269913
2008_006944
000000177277
000000463865
000000297724
2008_006135
000000206751
000000250588
000000300169
000000181249
000000532525
000000063251
000000047458
000000286774
000000540498
000000304125
003735
000000295499
000000029377
2011_001019
000000471348
000000500019
000000186090
000000021830
000000317391
000000134290
000000015236
000000567652
000000270376
000000271906
000000555206
2010_005993
2008_008682
000000072850
000000155493
000000348668
000000572289
000000009024
000000396853
000000505899
000000407992
000000494072
000000295236
003721
000000392426
000000557496
000000571174
2010_001660
000000180503
000000343225
000000558641
000000010800
000000433052
000000345498
000000076765
000000099754
000000208786
000000139304
000000272185
000000171678
000000172017
000000430342
000000077187
000000360808
000000439126
000000554936
000000517322
000000040100
000000217252
000000270672
000000479908
000000060959
000000575511
000000080915
000000301714
000000550438
000000269103
000000444765
000000537424
000000177407
000000565875
000000432131
000000315860
000000151327
000000246408
000000423380
000000210104
000000071347
000000197628
000000084679
000000064557
000000206221
000000532414
000000126674
000000172087
000000262285
000000433830
000000339845
000000374561
000000363826
2010_002307
000000402683
000000155908
000000030120
2009_002012
000000197492
000000552656
008342
2008_003582
000000014773
000000372795
000000572587
000000331096
000000476599
000000122343
000000521729
000000294918
000000405840
000000483285
000000310196
000000510757
007021
000000575753
000000377003
000000335802
000000202066
000000084959
000000513497
000000124262
000000303926
000000352841
000000041482
000000386377
000000552962
000000115158
000000404673
000000096034
000000117884
000000113212
000000492881
000000246499
000000383581
000000576301
000000317286
000000517465
000000550655
000000515210
000000228340
000000562401
000000418141
000000347505
000000040531
000000269964
000000144079
000000001756
000000525932
000000100777
000000254042
000000565918
000000448616
000000118846
000000154971
000000261765
000000086901
000000233341
000000552610
000000221659
000000377595
000000138342
000000265840
000000479331
000000355956
000000388075
000000551571
000000568604
000000335383
000000499829
000000302514
000000251754
000000576704
009472
000000138653
000000236087
000000195484
000000381134
006079
000000579697
000000407693
000000335359
000000196715
000000331954
000000354392
000000080756
000000326849
2008_008377
000000368474
000000259556
000000467447
000000062831
2008_000834
002492
000000313705
000000573975
000000177440
000000263270
000000048050
000000084448
000000384302
000000085905
000000537232
008244
2008_008191
000000440302
000000246713
000000139272
000000480416
000000575469
000000356788
000000039359
000000011877
000000191098
000000373988
000000356562
000000455299
000000272217
000000037702
000000196510
000000235034
000000547457
000000530905
000000570522
000000068657
000000520220
000000135424
000000403454
000000002459
000000320089
000000431393
000000056480
000000063290
000000037725
000000077479
000000090328
000000102116
005518
000000225458
000000512290
000000161962
000000152677
000000491502
000000463360
000000345643
000000147165
000000253718
000000389004
000000391703
000000333020
000000567657
000000292505
003957
2011_000532
000000260395
2010_005973
000000431169
000000024036
000000552320
2009_001055
2010_000872
000000388674
000000430346
000000428837
000000341623
000000056650
000000084268
000000045942
2010_000717
000000012883
000000267863
000000174496
2009_002408
000000131018
000000316514
000000267694
000000353510
000000330716
2008_006216
000000429233
000000204735
000000498630
000000168083
000000499020
000000019793
000000531552
000000172923
000000314265
2010_000866
000000259398
000000453815
000000321766
000000468801
000000396490
2009_001940
000000452003
008279
000000578356
000000103098
000000060685
000000195998
000000161749
000000219261
000000147760
2010_002348
000000165638
000000207180
000000374593
000000421955
007859
000000397322
000000510063
000000581283
000000034212
000000494684
000000178389
000000184485
000000468302
003343
000000145544
000000380171
008522
000000541279
006965
000000211690
000000368780
000000263512
2008_006041
000000574076
000000027731
000000568062
000000333407
2009_003278
000000567018
000000139564
000000154693
006501
000000220630
000000333629
000000166313
000000419145
000000514097
000000337662
000000034063
000000292160
000000019240
000000490511
000000194885
000000562994
000000427547
000000429433
000000033126
000000369568
000000316781
000000433975
000000172513
000000486162
000000033431
000000484281
000000556349
000000345068
000000311377
000000513189
000000076784
007276
000000346672
000000295441
000000284846
000000093363
000000083935
000000576736
000000571279
000000345559
2009_004301
000000244894
000000406810
000000477392
000000525075
000000345881
2008_008387
000000177090
000000416528
000000043614
000000236123
000000512320
2008_005705
000000475882
000000171284
000000088538
000000113114
000000381107
000000078699
000000021989
000000060706
000000311796
000000406298
000000474246
000000175743
000000383786
000000441008
000000285748
000000500693
000000356010
000000427975
000000366115
000000170925
000000419550
2009_003433
000000138315
000000208000
000000296267
000000267176
000000299026
000000273633
000000409767
000000303250
000000179814
000000441794
000000063676
000000300815
2009_004298
000000504566
000000214671
000000452297
000000537698
000000333615
000000481851
000000033471
000000533179
000000508748
2009_001481
000000078548
000000576822
2008_003140
000000289654
005654
2009_000684
000379
000000411104
000000108242
000000194545
2010_001413
2009_001259
000000535369
000000428576
000000344236
000000323951
000000243021
000000045573
000000128168
2009_002419
000000125499
2008_006244
000000086790
000000208200
000000314376
000000335201
000000237886
000000359302
000000239190
000000564015
000000464166
000000076709
005461
000000413358
000000363038
000000483108
000000364040
000000151358
000000518638
000000483000
000000005064
000000332958
000000478448
000000247786
000000097868
000000198935
000000423778
000000330177
000000314392
000000305501
000000396966
000000217487
000000228274
000000565613
000000075185
000000206341
000000477658
2011_002864
000000345177
000000496264
000000181489
2010_000344
000000183803
000000151877
000000348639
2011_002662
000000195561
000000172467
000000211725
000000123791
000000002453
000000560119
000000126590
000000348822
2009_005040
000000260893
000000530097
000000288664
000000167482
000000031542
000000033697
000000340876
000000539242
000000283264
2008_006307
000000507830
000000422172
2008_003800
000000398494
000000540496
000000059093
000000399200
000000002684
000000269983
000000515870
000000556554
000000069339
000000520546
000000333703
000000134779
000000080535
000000314396
000000061025
000000285618
000000228318
000000533055
000000307730
000000065207
009309
000000107903
2009_000084
000000134459
000000133279
2008_008234
000000125056
2008_007442
000000178361
000000544738
000000278229
002284
000000065463
000000287488
000000453601
000980
000000383185
000000370718
000000106616
000000116032
000000373381
000000570406
005195
000000225535
000000090346
000000207545
000000055109
000000222107
000000439840
000000565286
000000237912
000000064334
000000267661
000000404296
000000062716
000000100111
000000341511
000000315549
000000324280
000000263477
000000448787
000000299024
000000072428
000000006578
000000279503
000000252411
2008_001479
000000344080
000000133125
000000285486
000000444025
000000355756
000000166076
000000450052
000000292719
000000237315
000000507958
000000273841
000000181947
000000010149
000000213742
000000399465
000000181208
000000124703
000000448737
000000303006
2011_000629
000000226896
009138
000000013383
000000507436
000000319937
000000065880
000000472598
000000181053
000000089359
000000139263
000000384726
000000235683
000000133412
000000205069
000000485605
000000323668
000000199688
000000487349
000000086556
000000321674
2009_001526
000000057794
000000357831
000000019707
000000432508
000000321938
2008_000464
000000010639
000000362553
000000153207
000000177167
000000213141
000000360152
008752
2009_000734
000000419904
2008_000828
000000215866
000000281646
000000301971
000000279265
000000172187
000000522616
000000577312
000000428769
000000243777
000000026131
000000179811
000000476947
000000554037
000000309797
000000069826
000000215304
000000428407
000000322730
000000521493
000000344920
000000479848
000000117759
000000388347
000000053616
000000265490
000000569775
000000010693
000000350552
000000556745
000000136070
004878
000000038963
000000251785
000000010929
000000089906
000000558635
000000034454
000000264599
000000024779
000000099623
000000126647
000000484090
000000024782
000000577787
000000093785
000000426976
000000270270
000000152056
000000022048
000000178181
000000214704
000000553021
000000339681
2008_002965
000000073280
000000200024
000000435575
000000380449
000000140512
000000347558
000000213117
000000016246
000000454832
000000400080
000000083773
000000503318
000000179896
000000096107
2010_002993
000000277073
000000257992
000000337866
000000521216
000000391175
000000529234
000000354530
000000006720
000000485261
000000541422
2008_007656
000000325505
000000270112
000000014820
000000169155
000000037032
000000126770
000000025765
000000232453
000000448012
000000194676
000000042644
2009_003491
000000281910
000000015915
000000507532
000000123330
000000268640
000000222994
000000390539
000000451529
2009_002669
000000485465
000000435445
000000179251
000000415646
000000250401
000000067255
000000182369
2011_000369
000000501612
000000515202
000000103815
001761
000000055733
005326
000000203986
000000491851
000000545891
000000259192
000000174103
000000433168
000000047805
003681
000000274518
000000545135
000000487225
000000243580
000000450840
000000567708
000000157778
000000202658
000000004904
000000441169
2009_004166
000000008731
000000021181
000000576695
000000187959
000000397938
000000250440
000000083110
000000181506
000000431708
000000317795
000000212288
000000050636
000000024924
000000232094
000000268938
000000015126
000000496206
000000537553
000000142321
000000422705
000000106392
000000376573
2009_002563
000000062075
000000215341
000000397377
000000044820
000000112286
000000254169
000000144259
000000276064
000000231161
000000113810
000000406021
000000480939
000000212451
000000407365
000000190521
000000142016
000000382617
000000012892
000000352241
000000015895
000000419604
000000422816
000000264382
000000338094
000000117400
000000093139
000000556176
000000494555
2008_006810
000000309169
000000015885
009823
000000060576
000000545114
000000454642
000000237413
000000118447
000000062420
000000162285
000000483432
000000457011
000000255554
2011_001232
000000422200
000000277697
2009_002947
000000131323
000000493505
000000581668
000000154452
000000282707
000000353028
000000147179
000000117821
000000159731
000000543942
000000091436
000000244122
2009_004754
000000252994
2009_003832
000000064139
000763
000000416936
000000243699
000000420066
000000488203
000000180020
006564
000000443784
000000109051
000000163444
000000217009
000000065399
000000135125
000000443635
000000327149
000000200221
000000537379
000000097841
000000064800
2010_005375
000000402926
000000418563
000000174135
000000452005
000000283888
000000182347
000000138536
000000064390
000000278066
000000479935
000000542084
000000258337
000000154443
009318
000000502425
000000126936
000000294186
000000073966
005893
000000321007
000000263970
000000425691
000000243817
000000119016
000000114291
000000158183
000000361205
000000112818
000000480683
000000096067
000000176249
000000501696
000000576248
000000000201
000000536425
000000569866
000000193579
000000003793
000000030353
000000130043
000000333378
000000399164
000000133426
000000352758
000000367074
000000023737
000000311143
2009_005084
000000219680
000000144941
000000249861
000000293242
2009_002808
000000549725
000000203989
000000027570
000000528764
000000045124
000000555478
000000085685
000000016523
000000153879
000000409572
000000151911
000000420649
000000547777
000000575287
2008_001160
000000287219
000000478078
000000319456
000000267416
008756
000000389654
000000096183
000000248496
000000344016
000000248649
000000057892
000000478818
000000524131
001229
000000539665
000000407879
000000046359
000000041279
000000355180
2008_007124
000000206369
000000142570
000000181554
000000092216
000000538566
000000474764
000000504184
000000356184
000000205720
000000174632
000000159240
000000097712
000000393997
000000580385
000000334630
000000217893
000000501281
000000041899
000000375150
000000460812
000000204682
000000363639
000000345417
000000005324
000000544875
000000337704
000000257167
000000421231
2009_002388
000000230996
000000199143
000000105830
000000277885
000000071970
000000440625
000000299325
000000429940
000000020702
000000205023
000000190906
000000481012
000000163866
008810
000000516624
000000249348
000000285929
000000002839
000000280819
000000112493
000000004415
000000211722
000000466573
2008_001880
000000051322
000000342441
000000372087
2010_005606
000000548723
000000026166
000000121046
000000161720
000000360826
000000355194
000000262191
000000040423
000000209274
000000450477
000000236744
000000012463
000000447623
000000203599
2010_001126
000000196928
000000340036
000000018442
000000016383
000000351380
000000337277
000000089939
004579
000000422576
000000131203
000000533949
000000092081
000000147122
000000304093
000000451234
000000503598
000000528938
000000442356
000000552237
000000241221
000000401229
000000148196
000000298287
000000476699
2010_001911
000000386581
000000319197
2011_002036
2008_002033
000000082143
000000549773
000000170348
000000002429
000000168106
000000156312
000000320203
000000286010
000000397274
000000466132
000000360147
000000289797
000000079905
000000085302
000000357805
000000511842
000000505636
2009_003417
000000450478
000000022340
000000409194
000000499202
000000149306
000000220082
000000264699
000000174876
000000406040
000000167322
000000146015
2009_000770
000000043289
000000299676
000000206377
000000355881
000000277797
000000449936
000000449743
000000443167
000000258132
000000202522
000000182444
000000237944
000000002388
000000250875
000000458642
000000055897
000000297695
000000077980
000000026578
000000309492
000000317592
000000048223
000000136664
000000025895
000000019375
2011_001421
000000116334
000000062766
000000193108
000000432598
000000491579
000000309424
000000454399
000000315705
000000249506
001172
000000146276
2009_002841
000000345188
000000407346
000000320467
005699
000000106229
000000190670
000000076100
000000097883
000000542042
000000139734
000000275413
000000443875
2010_000541
2009_004478
000000490312
000000328728
000000189550
000000363358
000000261066
000000454252
000000032872
000000438978
000000422301
000000409160
000000152857
000000273159
000000372727
000000275700
000000470147
000000032699
2011_001800
000000514598
000000501634
000000254283
2008_008083
000000548731
000000331505
000000249139
000000521480
000000318789
000000578918
000000447016
000000339240
000000070285
000000555939
000000574590
000000301251
000000119456
000000340406
000000354278
2009_003082
000000106216
000000138179
000000491845
000000037389
000000352660
000000181906
000000421564
000000536494
000000016518
007180
000000416271
000000324381
000000511301
000000562770
000000197350
000000451539
000000062540
